134.247
139.681
155.442
121.087
121.752
135.145
123.795
142.902
117.684
148.654
135.891
104.717
120.926
132.41
151.648
141.591
93.4608
128.025
126.413
98.4668
125.587
105.849
145.742
128.975
135.102
116.858
142.447
108.334
109.744
116.468
120.629
116.551
131.624
124.739
117.917
102.131
96.1622
97.3503
97.1544
126.795
134.177
163.785
136.373
160.963
156.45
153.442
137.115
50.5534
139.28
151.911
142.804
129.465
106.99
126.919
83.3188
127.044
168.838
166.391
184.159
193.113
101.965
75.3581
132.667
121.279
85.8509
117.996
104.011
120.18
113.341
108.238
125.261
66.8983
102.283
86.7309
93.2399
113.26
127.575
121.083
129.033
127.443
118.689
103.583
110.83
90.6202
120.855
77.6326
86.2565
111.572
76.0308
100.79
89.1418
87.1897
79.4604
87.9471
96.6568
109.989
107.526
102.804
120.265
146.115
104.026
99.5797
131.986
90.7405
104.314
152.824
149.525
106.501
92.2558
80.7178
113.345
125.763
88.3024
98.2525
85.3098
135.901
86.2187
100.947
87.1182
84.3409
70.5148
96.9466
120.886
107.688
104.128
119.575
139.409
126.4
131.535
131.093
153.359
125.405
127.107
102.548
127.741
130.543
134.568
163.316
131.786
107.15
104.651
104.849
109.532
121.601
128.925
106.025
101.961
79.7457
100.406
123.653
156.516
154.04
153.4
123.886
116.556
165.354
128.985
118.078
145.05
79.5693
129.802
39.566
127.539
143.412
124.239
136.501
160.806
143.781
27.254
131.206
121.328
164.111
161.566
155.207
135.696
140.659
171.301
154.899
166.741
154.846
143.838
135.759
162.841
163.724
132.17
114.518
120.658
126.543
168.637
150.494
144.62
162.128
156.877
136.718
112.353
130.153
105.006
124.837
134.177
136.86
162.578
153.34
138.274
149.794
135.144
167.99
146.93
158.977
127.714
167.274
148.242
111.828
104.771
131.917
113.717
167.54
134.78
123.28
131.12
133.379
149.136
149.048
67.6385
154.069
115.462
146.603
129.478
101.85
168.198
121.769
142.341
135.691
137.261
163.589
131.346
113.805
145.962
63.8629
126.569
149.82
158.97
154.237
127.673
132.492
134.566
142.578
114.561
125.869
145.069
45.3218
158.723
160.565
144.927
114.128
137.14
124.136
143.734
139.094
146.254
143.041
132.097
123.017
123.7
135.546
145.774
133.678
134.484
141.268
125.31
109.599
96.5816
130.153
128.605
112.456
155.846
143.105
160.634
119.555
83.6189
132.767
110.995
102.942
111.192
120.563
121.431
111.826
106.423
93.7792
109.549
114.791
71.6332
124.54
133.97
106.098
109.579
93.1615
156.75
142.026
119.701
125.336
147.772
155.587
147.053
143.204
164.024
140.369
143.116
131.155
131.986
131.388
123.557
111.057
105.722
151.534
124.876
116.258
133.532
167.428
152.034
159.581
155.021
103.168
136.344
154.444
118.629
125.725
107.641
133.944
102.973
127.46
134.395
122.69
68.0426
147.441
148.302
143.991
88.0023
157.692
137.641
140.271
121.183
157.411
143.901
163.014
120.482
127.516
148.412
100.939
151.332
155.748
122.135
164.422
124.557
132.184
139.798
132.154
155.076
164.253
104.341
165.215
139.156
156.963
109.226
112.011
116.276
144.909
139.376
164.635
155.913
136.489
139.557
105.181
81.9388
155.899
115.43
142.138
138.967
19.0185
94.318
19.142
125.522
76.4579
90.6394
133.079
117.968
134.357
87.2794
121.199
134.141
111.975
99.0849
126.996
90.3983
110.693
152.767
133.105
130.2
146.186
79.4058
117.443
47.5849
96.4642
61.793
156.687
120.841
134.104
109.379
160.025
120.662
124.124
116.898
68.2362
111.14
121.455
133.137
124.886
122.723
146.868
158.719
109.983
79.367
80.7688
81.3302
134.858
115.318
71.6981
119.964
85.431
33.7605
69.6855
113.719
99.507
98.1198
124.832
130.293
120.151
121.082
64.1261
135.142
88.8811
119.167
123.403
91.9434
151.721
116.539
132.445
123.205
122.117
157.367
148.027
90.9502
132.183
106.487
156.323
123.004
141.649
157.268
139.396
163.741
98.7211
128.21
124.694
108.455
62.8376
144.997
63.5767
81.7043
88.8883
129.338
104.038
112.079
48.7945
128.629
138.584
88.1151
172.382
112.363
135.503
67.1962
138.643
147.94
155.715
127.151
73.2287
86.6594
158.427
108.205
138.696
139.376
95.8633
120.133
121.885
134.532
107.802
103.442
162.978
56.4042
116.397
64.0008
100.647
125.908
91.1667
65.8958
156.522
109.886
118.508
120.006
68.638
65.4881
37.0059
113.519
137.89
124.795
132.225
184.036
116.316
159.439
151.635
130.437
52.5308
116.205
54.5733
127.452
142.565
68.6633
39.5018
118.741
113.32
35.5858
86.1696
124.459
115.752
127.595
106.573
133.025
75.0407
113.656
108.223
150.141
167.615
89.8835
132.508
63.1911
129.254
82.1215
134.885
54.3973
133.217
127.474
140.035
112.326
134.204
127.546
159.6
115.038
144.164
68.2577
161.729
113.642
125.241
209.212
104.124
104.932
101.103
96.2092
123.477
122.327
153.679
143.558
108.75
155.116
149.331
145.985
139.581
149.348
144.109
118.488
66.13
132.381
137.638
87.7651
123.902
135.837
111.653
77.3485
109.669
132.318
117.07
113.986
117.126
78.971
167.357
128.531
138.561
122.627
107.883
126.94
122.962
122.819
106.761
149.116
134.532
105.45
126.04
159.993
90.1831
102.033
152.367
139.108
89.2315
136.124
194.476
110.746
57.2162
51.5675
143.471
94.0504
157.061
144.952
156.784
176.013
151.679
221.626
123.057
141.61
149.335
134.023
130.752
64.3047
124.157
94.1321
129.039
158.373
169.872
127.564
112.659
144.345
97.2738
61.4929
169.344
126.511
43.0621
228.423
104.115
125.29
114.079
123.308
18.3395
85.4568
197.305
152.798
133.308
67.8704
78.8996
79.7879
122.118
137.246
85.8063
115.204
130.84
154.132
155.788
225.449
128.388
58.6419
87.6607
143.341
113.908
135.029
126.878
138.246
135.3
160.176
219.071
39.3836
155.234
154.897
61.3799
132.904
106.085
127.791
122.318
43.4391
196.978
159.664
134.625
54.3399
186.958
150.343
130.872
117.369
118.183
126.433
123.117
130.522
110.83
235.557
97.8353
128.942
117.301
118.489
114.231
138.061
127.537
122.149
146.792
208.676
147.07
147.076
128.641
134.846
129.069
160.811
136.131
120.817
101.168
72.0325
161.588
132.825
111.987
94.5887
150.956
144.678
150.092
144.547
71.6003
117.42
149.152
120.394
136.387
117.924
162.824
113.191
138.553
111.476
133.245
65.7816
134.913
158.061
139.987
118.404
113.135
129.421
167.909
160.712
139.948
147.803
127.925
93.5831
130.368
141.792
135.939
114.334
116.213
123.139
126.658
138.733
175.228
181.71
101.481
133.6
134.297
97.4058
164.221
150.193
118.231
111.992
163.099
139.534
143.63
161.753
96.9625
96.948
122.396
169.663
148.88
50.6893
123.688
116.219
110.571
52.0608
220.034
116.368
143.289
104.809
147.508
128.164
157.204
117.696
153.489
123.37
130.243
150.842
159.177
134.585
124.001
86.2977
152.31
136.084
140.084
174.357
77.9064
178.85
103.857
108.564
140.237
104.548
162.979
155.268
145.368
157.009
112.235
192.31
145.159
137.105
159.847
180.742
200.163
170.43
167.054
185.016
163.254
158.715
149.858
172.47
45.7025
134.176
96.2687
158.404
167.847
208.484
175.315
116.418
176.973
140.483
147.752
129.151
58.0017
141.47
197.848
92.5794
119.438
122.819
87.63
131.642
171.921
152.702
101.519
117.589
230.428
197.223
184.62
114.375
154.639
92.026
126.705
136.526
170.375
106.062
151.162
154.455
228.04
147.33
154.899
117.407
102.045
173.069
136.727
98.5535
182.65
149.811
110.061
130.402
69.0935
198.355
113.861
133.942
140.07
134.756
110.027
128.818
173.32
194.06
163.019
203.868
173.875
132.597
136.548
86.2428
208.601
91.8161
157.25
127.988
151.19
103.373
42.5859
212.982
124.921
113.214
105.488
169.359
194.715
139.671
134.416
117.332
145.659
204.538
136.506
93.5693
142.392
106.931
145.026
150.035
183.858
150.663
147.378
163.726
143.57
154.627
205.511
173.52
170.824
133.522
189.988
180.975
117.002
107.896
141.366
179.127
142.051
168.281
126.345
120.563
173.659
165.432
188.442
183.944
193.519
110.671
182.121
219.266
118.37
137.27
148.281
147.953
179.443
176.646
152.852
66.6618
153.029
121.658
84.9345
146.266
148.094
174.909
154.582
121.794
172.343
106.73
153.588
193.616
168.961
85.8678
169.168
105.982
109.423
156.35
218.059
115.4
117.591
165.864
111.941
109.399
107.361
125.487
107.314
101.01
152.3
75.6516
80.2161
178.358
158.583
102.575
128.974
156.794
136.215
162.097
65.8704
142.387
154.201
55.7329
73.395
135.832
135.623
123.281
141.089
89.1798
102.159
165.15
80.9156
176.875
118.552
114.16
180.486
108.168
116.47
179.272
165.801
101.047
204.221
165.636
141.582
122.617
111.719
75.2825
176.309
107.967
127.503
172.18
104.091
113.62
108.197
56.7681
98.691
82.2904
184.803
141.535
169.469
148.986
141.149
203.009
213.934
178.628
157.179
162.687
97.2787
181.715
133.553
152.789
95.0024
96.9516
125.7
162.992
125.834
149.174
201.39
110.229
160.009
128.909
164.667
170.707
112.984
119.912
104.909
75.8749
101.668
182.635
58.8472
157.096
143.619
96.2843
58.0907
203.098
167.086
136.585
106.887
187.058
118.978
95.3211
181.648
85.7314
91.931
123.878
93.9907
144.378
92.9494
134.952
129.418
98.0009
117.827
167.231
108.825
148.233
179.532
107.585
180.557
75.4456
144.078
135.06
179.385
200.834
126.841
167.621
134.986
170.37
122.308
116.903
138.187
105.141
96.5984
78.9226
193.121
118.155
97.4801
141.076
155.067
83.13
164.679
119.362
90.7885
88.1145
72.154
79.8008
152.603
143.476
102.674
133.489
208.313
103.598
58.515
107.746
107.382
118.518
160.957
116.981
122.529
242.412
44.2302
91.9347
164.803
156.968
50.2346
46.3974
61.1977
151.15
107.08
141.941
135.744
125.623
108.192
106.282
114.283
48.6994
104.075
133.352
15.3201
206.741
188.465
148.882
130.197
112.355
159.738
124.032
60.3946
44.4813
187.624
170.859
185.063
111.427
95.609
46.3614
111.229
35.0185
144.896
82.7701
133.559
159.673
139.744
136.658
71.1078
140.293
92.4358
164.599
146.331
184.717
168.232
171.455
146.46
174.27
116.646
156.691
137.28
135.523
120.708
106.224
208.226
137.404
154.823
157.881
147.985
140.02
156.877
114.255
191.564
154.402
168.179
133.32
102.325
87.9069
109.83
115.731
105.813
155.799
112.465
165.002
106.713
160.997
179.295
147.405
102.943
135.474
121.468
105.559
133.431
94.9279
141.253
182.028
105.698
131.729
183.886
129.111
146.146
145.363
162.963
140.16
188.242
151.772
137.269
165.098
148.384
191.553
194.917
103.835
133.212
129.82
137.535
102.599
119.059
140.548
168.389
167.906
144.824
160.218
119.06
158.228
132.526
118.798
133.506
137.831
181.367
165.522
193.795
124.115
139.214
133.527
167.862
178.309
133.12
243.115
144.157
152.305
133.591
150.427
161.766
151.373
169.585
205.569
160.142
124.023
152.113
151.584
112.786
160.707
141.126
131.54
141.276
170.533
87.9958
136.65
157.543
153.545
103.377
141.896
107.991
160.04
158.709
154.729
117.734
186.548
139.362
145.505
175.25
118.646
49.5897
156.184
76.7733
67.7802
121.838
145.388
137.898
143.092
94.5499
158.95
145.584
127.464
166.272
90.6889
127.255
112.953
112.881
135.801
128.905
138.963
153.199
112.399
72.6469
176.548
119.345
166.449
122.023
87.0557
121.229
169.946
40.1803
154.524
119.771
148.381
157.158
101.649
82.262
134.737
125.178
87.3664
115.889
163.79
153.687
93.1708
130.288
49.3293
101.517
126.891
16.6533
69.5936
142.626
166.843
172.645
121.402
117.409
38.4184
106.848
63.2846
89.3782
81.0501
164.54
179.798
144.758
131.863
154.116
133.009
98.8783
72.4204
177.892
167.524
111.792
146.943
158.002
124.6
131.441
136.932
149.283
98.8026
191.832
130.347
153.726
159.341
175.023
145.038
88.0892
184.213
125.026
145.2
56.0299
133.626
132.568
128.097
148.048
150.21
157.146
177.346
94.4947
137.767
151.794
104.999
182.049
166.526
141.627
167.175
137.437
107.723
179.323
183.616
144.305
218.026
191.062
161.52
171.4
135.969
112.138
163.674
108.034
150.707
148
143.251
146.469
138.585
145.579
197.433
185.086
166.665
170.48
133.748
131.444
234.988
164.817
152.241
129.89
135.693
165.516
136.404
128.345
105.389
177.459
165.484
144.814
160.339
147.584
155.8
147.577
62.804
140.326
165.574
161.61
110.263
150.748
133.656
160.78
158.249
122.105
154.194
124.898
136.198
176.539
160.02
158.533
141.599
129.54
156.354
155.756
91.1983
120.582
177.845
106.82
212.79
177.419
222.051
69.4543
172.024
233.37
205.421
139.843
147.439
115.437
144.2
164.638
179.043
174.972
157.771
131.319
241.029
181.504
136.957
129.312
150.739
115.635
170.754
186.306
158.108
110.611
84.3299
154.874
153.192
192.246
197.01
149.971
185.442
89.7809
197.271
131.286
222.38
154.802
193.764
109.626
173.365
200.135
181.211
195.192
196.961
166.48
157.134
101.704
162.126
197.325
227.966
187.295
135.362
131.667
149.861
215.836
212.131
147.598
193.606
155.887
207.987
96.2703
193.001
201.321
210.713
173.486
201.207
213.918
144.451
210.892
183.652
201.182
196.475
129.025
100.766
206.955
188.478
133.725
154.556
188.426
124.502
190.992
198.533
209.668
191.754
182.785
191.421
183.106
166.157
131.186
132.085
201.844
209.048
151.22
164.315
192.021
188.045
240.894
183.797
146.637
152.626
148.989
139.821
178.785
177.604
146.268
108.681
212.154
156.109
224.037
166.722
154.223
137.996
161.81
153.294
156.601
167.876
153.216
149.821
162.373
143.455
147.388
123.929
162.142
163.253
120.474
151.333
145.263
162.805
139.128
87.1873
153.996
134.947
158.088
121.305
141.606
168.227
158.047
151.202
127.337
159.835
140.539
150.539
156.144
151.902
138.722
122.981
121.356
76.1641
144.198
149.692
65.2011
138.298
57.3268
136.681
134.399
137.245
122.553
100.996
135.632
118.996
102.397
112.443
121.318
165.775
146.702
140.343
94.0167
145.145
136.124
116.202
160.467
154.534
182.764
186.83
171.085
200.626
192.53
211.419
176.636
137.446
152.6
152.055
185.889
193.495
175.878
191.09
184.446
209.521
199.762
149.837
115.916
186.182
183.456
171.497
172.442
183.583
142.643
178.801
152.225
190.28
140.681
156.706
181.04
158.464
173.025
189.969
156.823
188.727
158.284
198.515
227.624
174.2
158.689
210.284
178.144
151.427
198.287
188.494
205.659
188.919
156.433
164.53
183.224
162.844
125.188
165.24
190.513
185.186
193.719
53.4415
157.511
194.708
190.432
163.253
192.104
161.351
200.29
162.334
130.832
161.422
225.634
142.236
162.044
187.044
121.98
146.672
132.986
184.358
202.047
177.555
122.772
140.094
112.376
183.206
177.756
138.402
165.102
176.21
126.655
115.655
179.803
138.316
144.51
137.193
154.193
126.248
158.865
164.05
163.459
144.845
108.59
141.603
166.475
124.917
165.288
159.043
182.503
219.227
129.23
183.469
180.7
203.74
176.214
222.702
184.523
196.519
170.971
127.95
161.96
161.026
140.269
186.439
147.04
174.085
142.1
149.52
169.708
188.047
175.231
200.272
179.963
191.637
166.14
127.196
70.7952
188.826
143.495
161.696
200.971
162.836
144.072
176.351
160.128
140.151
142.607
183.622
192.696
163.805
142.493
169.293
173.334
198.486
178.75
132.225
178.539
161.829
150.836
176.606
140.494
145.105
182.88
140.864
151.624
145.453
161.02
163.833
163.975
185.726
197.242
175.594
103.245
125.802
131.816
131.126
182.586
129.932
152.55
154.912
175.817
133.722
104.497
185.337
173.169
147.842
159.727
176.287
116.655
140.142
47.6425
120.14
150.503
178.688
38.2379
144.741
149.385
189.956
174.136
114.478
88.0119
88.8691
138.505
115.942
144.171
154.307
142.479
87.2896
128.556
118.689
87.6518
151.103
73.5922
148.815
129.747
103.886
91.5516
96.6705
124.716
116.984
148.225
122.247
168.035
155.026
129.385
117.582
104.004
116.69
132.833
210.291
156.085
133.478
156.278
136.935
156.993
161.361
156.365
99.2248
128.24
109.917
121.139
149.446
101.34
138.372
161.856
142.259
149.688
125.324
126.435
130.089
153.193
148.973
199.661
113.766
103.852
37.1038
161.711
131.676
175.047
144.909
199.13
102.474
204.044
99.882
195.597
162.51
68.1006
131.497
152.989
197.436
166.627
125.419
192.319
103.746
114.454
144.011
123.205
143.905
154.691
123.952
99.8284
172.553
211.274
178.572
139.828
148.438
46.8264
120.561
167.882
118.763
103.549
138.132
141.945
165.94
143.635
103.935
199.83
151.96
199.241
200.65
141.701
198.924
77.9319
147.338
142.682
149.149
159.119
147.796
190.836
190.641
113.1
123.838
168.284
156.571
145.602
107.673
153.549
141.053
57.43
166.383
165.774
152.143
147.412
107.996
181.167
166.852
119.031
124.973
140.848
147.103
175.601
167.683
137.539
187.591
123.826
104.45
161.934
110.086
158.685
142.613
144.554
189.095
183.713
138.586
125.639
163.781
162.432
102.999
202.605
154.874
175.826
105.403
139.249
169.802
140.828
159.677
117.48
171.732
144.976
118.19
168.677
179.301
189.34
146.553
159.357
142.998
134.498
172.775
149.135
141.216
138.63
219.383
168.158
169.329
160.85
132.915
144.074
155.709
186.18
187.883
96.6552
101.431
78.2194
167.789
188.13
104.783
165.639
135.105
189.634
101.672
148.447
156.137
140.19
188.9
183.487
181.792
158.844
139.53
185.684
202.202
208.218
164.742
128.753
181.312
178.19
118.459
144.412
206.504
140.242
93.6244
154.5
135.652
129.266
128.46
219.533
152.988
168.52
152.246
153.56
157.484
167.184
146.102
126.965
134.556
143.044
165.687
151.704
143.448
162.345
168.56
146.724
136.844
190.509
108.376
141.025
89.0779
140.197
158.652
145.496
127.283
153.323
153.55
97.4757
147.628
161.955
190.918
141.872
124.546
191.649
153.73
185.645
123.568
166.304
112.52
105.514
211.859
186.409
153.368
166.972
126.713
159.838
143.939
102.17
177.665
101.54
157.04
138.013
150.029
144.21
151.591
165.935
159.592
63.3264
152.216
171.756
163.541
185.596
166.242
142.234
171.131
109.31
154.522
142.837
199.842
154.041
97.1046
141.913
200.846
204.43
133.219
142.551
143.765
139.228
148.92
151.9
123.494
158.059
76.6175
164.516
147.218
157.192
116.191
74.3508
125.829
139.733
140.533
115.36
134.68
146.452
203.681
134.654
155.526
147.71
139.592
106.713
155.968
148.696
139.988
132.806
203.138
157.3
153.487
133.43
143.562
136.037
147.186
145.952
118.426
209.877
128.899
137.998
124.653
138.178
144.112
121.614
137.923
147.848
110.889
65.794
205.207
134.962
122.584
118.351
149.933
144.433
107.575
133.167
149.133
123.786
127.308
204.139
134.601
156.864
112.391
115.852
46.8163
132.927
120.391
152.208
91.4035
205.672
164.182
173.433
151.79
116.293
60.4177
164.604
153.806
151.974
134.671
125.306
153.668
179.778
139.625
132.331
153.738
126.626
116.19
138.149
151.829
146.072
129.189
138.249
215.255
167.382
144.746
144.551
117.311
110.466
135.394
129.478
135.819
165.055
129.361
159.648
44.5483
152.817
124.76
136.889
150.005
61.6273
109.53
88.8827
109.666
212.817
159.589
167.291
125.062
59.8747
141.963
163.17
133.642
142.891
137.745
140.828
160.466
166.766
147.502
133.027
85.9169
160.987
136.217
81.6307
154.306
140.267
114.219
189.267
144.174
143.391
158.063
142.179
157.321
130.38
128.004
174.334
133.907
133.197
94.6514
143.02
120.474
152.227
162.66
155.46
138.408
81.5153
40.6149
108.879
119.675
122.579
136.293
122.344
123.292
76.3165
154.7
111.372
191.528
184.506
121.121
161.266
160.701
169.575
160.691
159.166
149.109
170.945
149.693
190.844
171.815
178.962
164.762
195.524
170.571
195.934
141.57
180.802
160.208
161.356
188.584
164.228
144.332
162.175
191.995
169.259
167.292
138.666
189.985
153.967
139.801
165.64
177.174
179.505
143.798
146.876
123.69
173.891
169.277
164.105
184.861
145.685
147.181
178.424
178.068
189.433
154.51
206.522
153.71
150.044
133.425
161.712
160.053
185.087
151.304
172.196
135.991
199.489
207.943
163.209
203.904
148.297
169.22
206.518
195.006
185.042
183.211
144.353
164.223
168.841
152.357
151.019
154.593
150.139
119.844
157.762
130.774
151.271
172.283
185.739
199.236
158.337
165.645
185.861
170.414
172.273
170.287
179.963
177.348
187.409
177.56
151.003
125.33
112.134
173.261
152.823
189.438
146.579
191.298
92.9348
176.354
138.335
145.462
51.8514
154.135
104.225
110.315
118.517
94.0544
123.418
197.725
121.492
145.419
192.548
115.651
161.713
176.989
131.267
149.417
185.9
104.682
161.6
130.336
133.96
145.095
153.665
178.236
106.434
120.909
104.106
119.637
163.981
177.822
194.479
159.367
167.128
148.467
167.687
151.048
160.101
145.461
163.687
118.105
148.331
177.441
170.387
131.492
113.244
129.34
173.213
175.762
207.173
131.335
138.528
128.234
134.298
100.51
188.624
199.826
157.897
145.124
136.333
130.763
156.28
197.835
134.679
153.964
124.107
131.25
103.055
126.374
178.861
125.651
178.731
108.305
201.763
167.677
188.932
170.245
160.869
110.511
82.5605
192.905
101.029
130.054
148.541
147.46
167.11
174.302
184.499
156.009
177.577
207.075
140.472
159.016
170.388
170.982
185.099
200.804
132.22
143.974
181.056
169.653
145.38
180.984
121.001
173.213
157.476
216.389
152.765
145.366
135.295
172.531
150.7
189.963
174.531
148.519
124.187
165.879
154.121
144.482
197.434
138.683
165.003
194.317
138.775
165.044
159.361
171.284
211.495
200.072
173.69
131.925
188.351
123.294
145.247
112.867
167.804
123.208
41.5593
54.2208
185.548
138.611
151.345
145.145
174.482
190.112
165.485
188.308
163.655
120.165
123.572
143.937
132.874
178.847
142.11
176.142
153.024
181.477
156.767
171.602
152.409
130.57
147.701
150.956
151.999
141.098
157.151
154.732
143.678
142.35
155.706
182.216
149.819
172.503
131.567
179.502
184.962
156.046
105.993
168.738
164.941
199.899
178.628
146.24
156.988
142.358
162.578
147.701
175.141
170.417
163.52
188.442
173.235
161.6
178.337
175.234
172.369
158.289
172.413
133.118
163.204
199.575
142.438
128.994
159.345
108.186
167.165
168.738
123.186
160.824
138.4
152.226
171.01
143.503
129.037
178.103
162.291
184.244
104.611
136.414
175.135
207.353
151.535
140.717
127.87
175.395
142.284
143.606
157.175
179.736
184.669
171.385
150.589
157.369
94.9604
174.701
166.496
178.259
112.973
195.649
167.088
181.211
159.723
175.8
170.165
137.353
122.545
159.882
179.76
178.533
178.245
124.909
167.664
148.936
142.378
155.632
110.971
117.587
175.073
176.298
153.169
111.234
142.617
163.707
148.966
154.376
149.811
107.138
165.266
133.828
139.828
168.931
140.008
83.1315
160.689
139.96
182.132
171.66
134.171
152.082
161.108
165.113
177.904
174.545
176.377
167.083
161.71
169.155
180.513
177.651
136.79
200.067
185.149
184.792
197.573
223.231
187.527
180.741
202.988
139.238
173.034
175.32
153.251
189.606
111.074
166.386
141.156
174.179
174.28
158.838
154.674
141.629
188.871
156.801
138.53
111.465
149.227
149.393
180.404
179.585
142.143
132.17
119.146
156.792
143.55
143.455
160.629
164.574
126.181
193.737
134.877
165.03
139.27
163.502
110.287
154.9
132.248
177.834
150.283
149.497
107.756
119.516
173.109
161.887
160.865
156.379
179.309
144.587
157.906
157.493
164.648
161.511
147.023
174.168
117.42
171.105
148.043
152.308
152.686
137.234
116.411
158.152
115.024
120.652
172.45
152.007
183.297
161.104
131.647
149.629
169.864
132.167
138.907
188.864
140.324
149.206
106.668
155.465
172.973
143.948
122.366
187.202
131.378
155.442
148.191
143.649
143.571
157.991
149.774
146.968
154.931
143.657
153.077
123.826
181.264
146.111
136.802
151.711
202.181
198.727
155.052
132.981
196.107
174.181
146.374
173.302
162.042
222.793
192.825
135.626
196.682
143.233
139.434
119.312
136.613
104.652
91.3649
112.817
154.173
100.691
92.0315
137.303
153.026
181.974
74.3714
143.652
153.917
118.427
177.423
106.782
162.065
140.081
163.331
169.865
155.456
169.955
158.112
140.478
130.954
145.514
191.28
144.55
163.814
120.471
117.531
182.329
162.579
102.136
158.045
135.196
120.962
134.549
110.681
107.075
133.666
128.649
153.545
168.353
111.313
151.417
142.839
132.057
122.186
122.158
127.916
150.35
129.054
108.092
136.97
153.829
156.347
123.788
149.284
122.888
128.778
149.724
156.411
143.658
164.519
135.789
113.531
94.2255
118.08
114.09
110.077
229.123
101.668
91.8346
129.355
109.791
159.063
154.169
92.7765
146.879
138.346
115.821
132.526
225.375
140.125
117.957
127.43
121.52
171.108
134.095
109.495
126.347
104.424
167.046
120.788
134.215
111.733
146.426
133.78
132.763
115.13
140.209
176.794
111.162
110.832
98.2663
201.073
77.411
80.9425
123.238
96.6535
148.903
160.196
167.226
76.0643
145.551
149.85
135.777
144.191
151.803
98.0422
152.082
72.8866
109.768
140.203
177.822
178.427
107.618
190.862
145.774
193.929
73.7347
151.591
163.997
201.014
99.2248
114.99
110.921
108.721
160.777
159.216
167.049
183.037
156.184
202.668
140.754
132.522
139.192
117.608
211.924
96.329
124.989
90.2407
150.856
186.489
142.738
87.806
110.565
99.8435
136.287
151.964
152.705
147.576
163.65
168.955
141.467
107.285
152.43
83.2928
133.651
143.093
139.076
111.901
54.6961
158.136
106.953
172.227
100.898
144.459
40.5001
201.908
118.55
180.343
143.313
107.4
125.295
110.74
124.929
173.237
150.675
155.63
196.206
188.869
180.41
101.903
148.375
156.787
146.248
135.921
187.587
153.209
168.313
111.749
128.794
116.442
171.323
96.5572
89.7881
182.08
150.488
167.547
167.791
135.026
155.246
181.612
110.502
142.54
108.335
143.464
189.183
196.459
154.338
146.992
120.493
102.443
151.007
188.825
131.893
172.981
104.769
183.201
116.637
192.285
219.327
217.224
202.268
192.15
219.427
130.676
89.4861
120.464
204.519
174.674
151.077
181.738
220.159
149.65
148.189
179.102
150.004
198.955
159.178
193.089
133.326
221.016
191.8
188.428
183.655
169.78
142.615
191.487
146.653
187.15
168.876
197.165
198.017
116.95
184.212
108.044
189.155
132.209
189.729
149.113
205.176
162.36
161.859
190.565
148.08
153.988
179.4
183.837
117.455
119.149
155.31
82.7568
170.595
180.133
197.097
140.541
87.4183
160.747
150.468
149.953
134.132
154.265
174.359
105.152
142.673
198.635
178.909
155.617
143.906
128.428
58.4326
99.5163
170.184
144.655
147.416
190.46
184.464
151.909
123.159
161.138
167.663
181.043
171.546
197.558
104.774
139.896
63.9104
154.165
173.246
158.76
163.438
179.74
153.92
108.265
144.615
66.6973
171.061
123.949
191.208
174.16
140.129
95.6612
108.639
185.881
135.316
152.95
103.999
134.079
132.064
165.523
149.792
152.268
176.773
143.992
94.3714
138.605
175.342
176.738
110.736
145.556
173.276
181.811
127.884
86.2868
169.948
162.884
185.499
207.217
176.469
101.105
178.264
152.531
188.6
177.467
178.492
158.274
89.0937
119.227
104.995
141.404
190.821
133.789
158.439
94.799
183.297
121.519
130.835
129.816
116.53
213.656
130.325
131.602
150.015
87.5663
135.487
131.407
189.825
128.676
130.623
173.645
147.221
109.089
117.807
176.527
196.169
141.678
111.041
109.172
150.188
143.755
87.7587
144.541
139.921
214.204
122.426
175.273
82.1536
148.326
144.717
133.328
162.364
179.071
132.77
175.706
159.996
174.379
164.422
74.2016
110.277
172.789
165.576
109.272
132.365
104.665
156.384
124.604
177.752
148.763
186.548
145.302
170.448
181.28
106.152
188.615
181.123
103.816
131.454
186.715
188.065
134.119
47.6516
142.683
115.76
112.657
187.984
107.43
141.246
151.477
90.2514
171.022
145.934
112.644
181.592
113.094
56.0202
91.1882
170.768
152.659
119.378
166.653
71.4429
146.687
175.239
142.944
105.122
183.135
108.104
139.866
133.964
202.318
97.5054
127.164
135.852
182.428
60.6426
133.646
176.527
126.466
138.112
191.353
49.2444
107.268
101.374
110.233
132.383
167.451
144.352
191.18
173.654
177.991
72.4151
187.168
139.003
150.363
95.9148
105.263
178.571
77.9554
165.363
185.016
150.038
148.164
123.101
52.4679
126.249
108.218
147.318
162.386
138.323
132.144
180.879
109.626
102.314
181.071
134.005
124.112
171.996
69.585
191.708
147.838
114.602
139.215
89.5496
178.293
136.653
170.296
186.368
109.875
133.692
123.277
146.972
114.197
164.54
189.585
149.884
114.471
181.694
89.0323
129.175
177.025
158.643
106.596
85.7978
138.809
185.213
143.997
139.48
149.515
150.896
89.2025
186.052
158.52
183.205
157.338
131.742
153.077
131.16
121.195
98.701
132.764
126.233
202.494
137.233
139.176
174.111
102.555
157.965
122.729
162.918
177.226
105.444
120.704
121.249
98.5428
176.808
76.938
164.019
157.947
131.496
92.2638
94.5145
153.072
187.846
137.69
133.283
192.117
149.626
138.4
164.376
139.843
126.806
185.308
146.581
92.8117
133.441
118.573
171.108
129.887
199.859
162.574
98.7281
173.172
181.895
156.547
116.423
148.557
70.4264
100.388
145.741
117.929
173.511
113.367
102.896
138.174
109.532
124.505
119.113
106.757
143.107
161.39
69.5193
130.771
95.0364
155.011
151.047
170.552
161.506
133.188
133.257
109.343
98.5057
128.353
128.596
139.21
147.783
147.125
126.924
145.215
130.475
137.642
138.933
145.934
139.943
156.211
139.155
117.766
159.774
140.736
78.1445
127.75
97.3382
134.178
134.393
128.604
155.391
115.245
118.867
126.843
108.306
116.208
102.866
135.71
121.519
104.764
133.231
124.961
108.262
148.608
120.979
156.568
146.766
111.52
136.333
139.276
120.953
112.882
18.5183
139.567
102.272
141.384
115.052
137.466
137.986
143.628
138.981
110.038
144.913
110.443
132.22
108.818
113.091
135.034
119.673
140.062
120.367
115.587
98.6287
201.543
111.486
93.84
135.062
112.315
118.985
129.55
152.26
130.385
138.184
119.935
123.6
124.81
121.732
146.123
117.663
105.469
93.3387
153.892
123.652
111.722
104.904
134.738
135.792
120.543
138.964
136.032
140.125
133.652
117.821
97.1564
97.0922
107.306
132.68
141.406
133.468
136.783
116.41
95.4743
148.837
117.343
75.4769
107.627
113.511
134.078
116.834
129.758
157.465
103.319
143.889
114.563
135.889
102.87
167.161
152.919
117.922
124.461
122.376
112.927
108.956
126.435
147.744
92.3905
101.01
130.384
137.51
84.8976
114.177
157.086
138.744
133.5
124.027
113.71
130.993
126.55
110.666
139.454
167.295
121.176
142.479
131.977
122.754
159.42
149.37
129.515
157.171
123.24
143.613
131.537
140.396
106.502
123.282
122.47
153.764
110.164
100.141
147.053
124.24
133.987
125.323
139.16
122.895
127.105
133.906
88.6602
168.521
121.514
155.738
134.427
126.337
88.0693
121.519
85.0555
139.183
111.516
123.262
110.447
132.701
109.445
129.054
150.997
118.219
129.182
132.422
145.883
98.4926
113.326
162.342
138.4
111.386
128.658
120.699
112.306
129.639
167.24
142.405
123.759
146.755
154.985
104.314
84.3677
146.583
109.875
190.411
101.276
142.79
111.728
125.912
154.335
155.834
146.861
122.888
137.754
174.869
131.542
146.705
140.13
134.62
0
160.875
114.063
138.762
114.235
147.547
142.627
174.302
116.037
157.407
134.305
135.063
107.208
116.204
122.206
131.188
163.866
123.91
136.158
136.596
127.42
120.816
123.609
113.574
134.018
108.557
168.967
147.009
140.876
149.932
141.817
141.292
157.135
128.267
146.041
160.902
124.924
146.223
115.966
141.118
148.684
141.642
110.301
139.149
109.896
150.026
119.829
134.719
113.842
138.586
100.081
121.801
123.325
142.766
133.798
125.99
127.068
118.783
126.602
134.631
172.658
108.226
139.776
118.616
170.451
149.696
125.804
113.495
134.176
105.146
143.933
118.537
140.379
125.377
139.994
158.494
159.632
152.16
135.208
141.062
135.065
155.682
143.018
21.3795
141.57
141.519
160.082
123.167
131.524
127.11
139.402
129.017
106.807
133.9
131.817
172.283
123.661
135.681
159.972
112.601
104.695
105.773
132.995
117.732
137.546
171.968
126.602
110.803
131.83
138.877
121.02
124.309
136.919
135.532
139.476
128.444
86.084
164.089
132.594
120.314
135.775
127.952
115.502
129.682
122.683
101.883
171.854
120.732
127.151
130.322
130.137
136.359
124.263
133.222
125.366
128.263
149.287
128.3
132.364
128.417
140.553
127.768
114.077
125.277
134.867
135.17
132.689
214.036
110.938
100.34
124.757
126.238
121.026
107.821
127.954
123.735
108.934
163.083
129.886
95.5417
134.281
123.649
138.453
133.429
138.099
126.917
97.9864
128.666
152.026
137.113
117.049
104.475
136.504
123.584
113.39
124.641
130.806
120.945
108.215
203.852
116.295
112.839
127.412
140.609
133.669
128.314
136.391
119.163
114.964
117.841
163.92
143.777
125.762
127.008
129.802
117.306
108.097
123.258
142.826
133.136
151.391
107.023
112.959
122.006
101.496
114.433
128.656
126.122
146.041
138.958
128.792
171.805
140.619
129.649
136.703
119.152
136.102
55.556
109.21
127.911
26.4773
115.201
149.708
166.404
132.165
140.841
129.352
137.789
33.9911
138.297
100.403
96.8153
136.317
130.11
149.904
129.726
131.447
136.034
92.8698
96.2009
145.603
91.3057
122.125
48.6488
138.305
122.624
131.021
42.6033
135.569
77.1174
55.1835
44.5986
138.771
103.724
60.7635
180.519
116.916
92.4912
145.28
35.8934
117.013
139.072
47.6222
62.3031
114.121
77.5625
154.318
109.793
48.2546
117.73
77.6482
26.222
138.719
115.216
128.289
223.244
171.195
144.038
110.02
121.13
175.324
114.609
129.362
124.35
118.998
160.203
142.892
124.893
76.5754
99.8457
141.731
161.128
134.453
134.097
91.4312
84.5847
116.51
144.307
127.096
79.8894
114.87
134.91
148.43
131.943
100.463
121.298
147.465
116.399
75.7652
44.1979
118.791
43.7814
135.502
129.766
142.448
95.5732
67.9
61.7638
94.8569
121.323
142.814
128.657
129.314
48.4269
159.78
179.715
148.959
124.243
126.69
145.169
123.418
146.427
143.541
71.3026
118.384
140.698
167.918
141.323
145.119
110.564
86.3853
135.239
156.6
129.984
66.8984
121.269
140.46
148.01
143.207
145.964
46.473
143.085
149.057
142.761
138.19
144.843
66.1316
160.953
157.977
136.021
142.324
68.2205
110.526
98.9547
80.5609
134.663
72.8395
139.163
206.986
128.727
140.729
129.951
139.583
115.218
107.009
101.773
108.027
111.268
169.713
98.1296
123.373
124.425
92.637
128.671
118.215
119.74
98.8449
128.082
139.734
127.763
134.408
120.806
113.341
110.948
88.0092
130.663
121.126
115.86
124.351
63.8031
214.028
136.388
119.412
97.1768
129.687
109.989
100.788
106.26
118.433
146.096
133.78
161.219
97.2964
120.403
121.389
103.409
118.733
122.655
92.4581
130.389
129.069
86.2031
116.421
125.688
108.288
126.906
91.6494
96.7803
86.3475
120.207
131.349
89.8417
125.206
116.787
156.042
105.383
107.18
118.849
120.945
97.7877
62.7151
126.623
90.9134
125.325
122.634
169.218
94.0225
131.367
103.761
98.2453
103.405
113.81
109.863
122.555
68.3464
133.408
102.958
109.342
109.028
147.584
125.259
158.548
107.266
116.772
100.949
116.118
161.737
121.906
101.543
125.895
91.8818
118.51
100.074
127.657
106.526
116.425
120.541
160.711
89.264
90.0088
101.556
110.876
134.91
113.355
70.24
103.495
146.015
121.936
145.939
97.9653
82.7989
132.911
117.556
120.637
127.972
120.312
104.407
101.436
110.333
149.813
121.945
109.319
114.445
67.4887
102.168
67.5928
97.9122
132.518
146.203
126.011
119.921
110.158
111.721
115.531
122.55
127.157
117.702
124.885
114.463
143.652
114.741
95.5769
105.129
120.92
79.6656
123.506
92.5928
124.595
118.059
92.2785
144.153
68.1425
119.59
118.303
119.751
97.6574
112.507
125.19
112.298
92.6859
124.346
174.325
120.78
107.492
127.687
125.223
122.874
135.071
63.9256
101.945
123.605
104.335
168.231
123.206
125.82
87.5945
81.2441
122.837
114.627
102.69
112.146
101.557
85.5527
116.786
79.6321
112.753
68.3942
121.416
127.612
121.812
107.816
83.7565
149.368
46.3459
126.011
81.196
103.87
21.2586
90.8707
108.726
122.915
163.242
119.956
129.426
102.27
112.946
107.35
109.543
111.816
89.4331
94.9135
86.2734
78.3955
103.418
76.4363
71.0801
103.953
91.4202
85.0718
108.614
107.374
80.5575
83.8305
87.6796
121.987
80.0727
107.562
91.2811
112.756
70.0208
94.8549
78.4842
154.892
72.7477
98.7122
51.7546
110.449
80.5334
123.201
93.1412
94.001
110.831
129.371
135.275
111.8
69.1181
97.8944
123.225
127.751
103.307
121.607
92.1991
132.44
197.627
84.6247
119.694
70.0293
105.843
70.6623
128.412
85.3841
102.298
95.011
80.9879
116.452
94.5026
93.5886
87.3758
78.5123
77.812
86.5844
75.3605
121.758
81.9438
107.656
178.93
105.032
117.891
122.314
107.966
86.7166
87.1542
73.2557
84.6716
96.3809
91.8992
119.132
122.647
126.265
89.6494
89.3694
81.4153
70.7748
87.4706
121.389
186.692
101.975
121.657
97.3277
92.0843
90.6051
59.7776
74.5711
79.5984
124.863
120.66
73.7627
93.0086
88.6444
85.7189
94.8503
64.8361
127.78
84.2603
166.009
92.3662
62.7186
101.52
96.7955
93.1582
96.3613
100.019
73.6629
91.7442
101.511
170.326
101.86
74.3742
93.1057
102.719
108.002
96.0552
79.8509
125.905
113.968
90.658
113.934
120.905
113
88.2745
89.2358
78.0212
115.446
89.945
76.6828
85.8443
81.8563
145.227
99.8014
106.441
86.4523
70.0391
83.7334
120.997
67.9368
86.2569
71.009
88.6528
177.478
90.9483
92.2781
88.5757
68.8634
110.088
85.9154
94.6015
122.804
111.099
100.474
134.449
132.338
113.353
94.0247
113.515
120.086
96.6194
98.0164
113.159
125.631
88.9771
81.0362
166.405
117.514
120.696
127.122
84.647
95.6111
124.671
109.874
119.842
48.315
122.667
145.915
72.9224
73.7588
75.2536
87.2758
78.8967
110.349
92.9942
98.132
78.3071
96.7991
161.66
110.753
75.0163
78.2351
114.984
74.2905
82.2926
111.602
94.7001
103.807
144.185
167.522
102.162
78.3849
98.9735
75.5451
69.6955
91.818
88.1458
80.4371
130.289
121.35
143.928
89.601
113.999
97.636
87.7828
89.2122
131.735
75.4008
76.0752
136.499
75.751
163.193
111.028
91.5737
116.763
85.8447
88.2209
90.0362
92.3317
90.5095
86.1062
97.4838
141.094
90.0103
88.5428
99.299
77.6411
128.45
76.0554
97.764
73.0949
90.0671
84.2438
151.864
98.4612
109.673
119.969
118.867
136.784
104.858
92.8229
120.225
139.926
112.315
160.69
115.534
73.298
102.984
109.58
116.854
82.5484
42.5072
84.6941
86.5154
97.0372
50.2858
132.311
115.938
86.429
106.375
106.959
100.227
59.708
100.006
86.5421
117.737
93.1362
102.775
77.6392
93.6268
119.166
96.3715
126.016
114.587
83.8448
77.3704
93.9365
109.414
105.858
98.0411
87.6214
107.255
115.874
94.9108
106.065
82.9921
97.8264
95.6751
123.685
118.506
122.967
153.76
77.5582
137.725
49.4334
61.0642
79.3063
95.2009
93.5751
89.6578
94.8682
97.608
104.379
97.9053
69.8828
81.8819
115.737
129.531
56.0067
103.145
108.222
78.7613
104.697
146.668
87.277
86.8809
94.7531
102.966
105.132
95.4568
158.993
149.163
63.2581
156.21
147.749
119.734
149.795
139.536
137.431
145.552
99.6161
154.524
106.384
148.071
141.211
163.723
147.152
132.893
123.109
155.518
119.551
142.085
170.28
132.042
118.873
160.9
126.528
137.315
142.532
138.483
120.041
120.672
101.145
129.437
180.517
140.99
37.5078
23.7047
29.4426
152.727
36.5648
92.7869
101.599
89.5471
88.5184
123.187
77.9739
114.152
98.627
118.695
142.36
110.65
59.7446
117.533
134.833
117.042
127.805
123.381
115.027
127.439
93.7084
99.6538
73.7356
123.355
113.986
135.624
124.087
97.8742
80.7023
134.722
112.76
123.282
126.914
137.312
119.444
79.0829
121.332
122.577
120.679
121.685
121.729
94.1035
82.9527
121.954
131.449
126.191
119.415
136.399
162.688
143.571
101.346
116.418
116.7
105.426
97.7878
25.7923
140.654
130.745
108.868
108.382
124.079
56.6991
104.551
131.281
92.8202
116.87
121.174
132.297
97.3818
122.929
101.304
105.171
106.342
165.369
114.522
93.6734
85.7104
105.019
123.209
124.671
95.3927
28.9414
110.683
108.224
129.016
107.923
131.708
86.1882
108.152
109.359
27.5691
137.329
128.131
103.507
118.746
117.67
115.103
118.244
82.6467
71.7639
74.1139
72.787
65.826
129.654
126.664
143.26
152.752
161.917
150.019
139.02
154.961
107.309
111.418
123.505
104.32
119.355
108.637
111.352
113.193
115.386
119.357
112.098
122.098
121.841
99.1031
109.165
123.713
173.876
194.8
98.8651
69.3144
120.508
87.2757
79.8126
132.997
26.3144
167.207
135.839
126.739
154.497
125.927
99.3356
119.456
118.022
123.883
169.551
155.929
128.997
120.255
146.42
119.655
127.319
77.4801
110.013
100.626
109.831
124.333
133.062
133.151
145.978
122.895
155.29
156.705
103.869
126.96
165.129
132.608
143.163
149.672
158.448
188.686
125.848
180.455
165.238
156.697
159.161
154.068
109.283
130.676
123.375
139.925
77.5774
108.888
123.938
135.956
119.704
125.954
112.655
133.262
137.443
127.53
145.308
82.6038
103.688
106.521
125.811
148.513
120.909
125.869
138.751
113.342
115.277
130.389
171.622
149.838
136.666
127.794
167.005
154.183
160.994
173.196
179.062
146.227
167.525
205.245
142.746
156.509
94.2077
126.637
96.0323
186.296
116.544
172.9
161.266
189.204
128.37
175.541
144.638
146.019
155.79
115.781
121.542
124.895
105.968
149.065
139.425
169.068
123.146
137.302
142.042
131.462
117.246
129.309
144.888
131.539
154.489
108.305
148.565
104.617
148.318
123.946
127.084
115.188
101.969
119.286
129.885
146.828
100.79
102.61
133.499
105.691
75.5536
147.927
127.909
124.619
153.587
113.992
103.292
91.0003
63.9188
108.166
80.1167
139.432
130.975
143.683
172.456
143.8
98.7217
160.314
123.962
116.063
118.415
128.386
131.643
122.857
136.524
151.148
143.813
155.654
148.353
145.424
131.258
123.892
74.3652
109.296
118.517
166.594
108.806
136.547
87.9921
136.975
120.208
134.51
106.943
101.225
177.455
153.314
105.834
105.769
115.819
181.377
167.882
97.7464
104.252
111.446
123.497
121.266
127.675
119.306
132.822
127.23
122.597
135.849
119.371
119.985
117.662
127.599
115.656
116.06
118.456
108.686
93.2504
122.568
104.439
115.616
117.219
123.026
133.966
124.584
117.864
131.685
128.093
136.083
130.843
169.632
135.975
154.811
155.465
147.283
129.007
122.218
82.6272
127.244
77.6752
81.103
84.8136
99.0838
108.402
108.271
120.483
99.4051
100.96
115.959
116.769
118.752
111.793
88.9041
112.076
86.2019
115.07
124.574
84.2009
138.542
74.0301
106.882
124.626
119.663
124.797
123.025
132.442
123.363
126.932
128.077
102.537
145.198
120.514
122.689
123.719
97.591
122.329
140.15
119.893
105.11
89.3138
111.846
107.567
103.475
113.356
121.36
126.118
139.862
143.41
143.115
143.908
123.29
132.859
114.492
127.819
165.846
135.849
118.348
125.798
144.49
123.486
117.338
113.979
110.009
122.288
105.674
146.978
85.0812
141.261
129.446
119.724
153.546
147.008
143.247
136.522
150.815
120.034
115.17
126.826
125.185
85.6143
78.6489
67.5549
74.8894
138.923
141.924
132.282
116.249
146.434
125.193
129.635
108.876
113.692
144.117
147.046
143.743
133.648
133.764
118.341
116.013
80.7894
125.485
115.333
136.375
141.228
148.048
139.502
156.836
123.987
121.153
137.369
128.002
152.983
155.761
136.791
135.962
138.064
147.673
163.454
159.26
144.485
164.703
142.05
141.224
163.323
125.744
142.046
150.696
157.28
152.579
132.909
130.478
131.718
137.979
96.2361
147.93
151.584
131.706
136.603
146.43
150.168
151.46
145.065
147.572
188.695
77.9566
131.434
132.61
123.17
131.923
117.026
111.328
63.7031
105.067
92.3939
114.607
127.425
123.514
139.425
120.727
126.491
134.417
137.024
152.549
117.413
82.3967
141.441
134.337
74.5731
85.8676
88.9566
123.883
134.195
105.751
146.687
116.318
116.232
123.13
126.412
231.759
105.593
105.092
159.341
161.335
161.025
151.911
146.188
104.925
152.907
133.221
64.6314
159.004
161.985
172.193
176.371
153.66
148.551
155.731
135.723
160.532
170.544
178.735
175.263
99.7234
106.493
132.192
118.634
111.718
138.68
129.663
123.24
128.302
125.686
110.876
127.492
117.887
98.7122
115.888
121.629
118.001
95.6933
117.07
111.466
113.332
103.342
134.13
121.05
114.714
122.687
134.912
121.65
128.654
119.718
111.124
113.131
133.556
124.975
128.322
57.9787
144.072
115.625
112.225
128.6
90.7463
124.656
145.866
121.975
109.324
136.033
112.225
134.156
114.348
121.525
128.035
124.806
123.263
123.024
109.611
102.312
136.061
128.307
104.574
121.905
161.777
120.936
122.233
104.014
140.533
55.0454
111.056
115.005
117.652
119.855
107.573
100.597
102.602
88.9585
103.59
143.543
114.076
114.692
112.916
119.246
128.601
130.419
127.687
102.433
117.258
86.7546
108.019
132.454
98.3822
134.901
122.657
144.041
124.643
130.109
163.595
130.688
165.15
154.036
139.619
127.015
158.25
129.462
130.166
124.653
155.125
155.098
127.703
66.2711
73.3177
127.436
129.273
78.6324
128.358
104.284
112.991
133.094
126.629
147.194
39.2712
97.3705
54.5737
106.555
96.8843
178.411
150.671
153.107
106.894
132.943
94.6987
97.3712
113.874
97.287
115.249
124.803
152.014
81.5844
80.5633
95.2907
107.942
77.0151
83.6517
143.687
88.1113
88.3772
80.2524
112.056
122.006
122.26
166.886
98.388
126.599
84.3359
130.652
129.437
110.962
126.255
129.001
131.931
79.0514
102.362
125.691
99.4594
151.567
121.814
124.384
105.823
135.572
110.22
75.284
145.222
123.659
124.887
155.096
90.2318
102.311
85.9657
41.261
43.0911
71.1708
88.9184
46.7615
55.9517
135.582
73.115
74.1034
81.053
155.601
137.936
113.772
99.3419
135.048
120.353
112.402
121.722
139.432
68.3566
101.906
104.588
165.225
117.444
122.211
108.125
119.665
80.6449
88.1744
92.3087
96.9948
118.503
107.432
91.2395
102.474
101.283
96.6338
119.704
136.819
93.9787
100.75
41.761
87.8493
104.138
126.113
114.475
114.342
128.826
127.19
127.792
118.616
131.612
131.328
108.916
94.0028
107.438
115.841
120.82
109.898
115.775
115.02
137.147
122.035
115.391
110.4
115.007
60.6696
114.055
87.634
45.8093
78.5002
51.3322
117.141
114.774
100.616
118.761
129.238
134.046
121.928
148.404
158.235
119.682
131.736
146.641
123.994
134.046
102.289
168.913
131.313
111.949
128.951
80.4727
99.1806
131.43
113.739
123.437
102.379
117.056
111.036
119.028
128.944
115.176
107.441
125.908
110.627
113.826
100.945
119.946
138.264
103.54
128.364
121.221
113.247
106.634
136.946
101.171
126.424
128.776
95.1732
92.1257
144.365
132.447
136.617
145.716
116.513
94.5495
127.557
107.972
89.4692
113.611
119.813
144.28
119.898
124.558
133.644
130.088
111.044
117.053
126.912
115.76
132.801
131.736
107.755
107.829
120.989
108.182
113.906
76.3847
134.8
100.401
103.735
116.82
134.221
151.637
142.147
110.462
135.82
119.718
127.717
143.064
127.571
135.614
122.014
52.582
93.5799
107.872
117.562
78.7802
111.882
131.613
129.203
94.007
92.6369
99.6636
72.3343
113.357
124.413
116.25
113.316
109.825
102.899
102.967
102.059
110.643
117.408
116.861
109.255
102.045
116.882
107.864
116.352
99.1137
93.0111
75.9679
68.0858
120.354
60.9851
110.816
64.4427
140.393
81.5339
79.4884
113.933
139.927
153.736
141.578
145.553
136.561
139.61
121.403
135.706
124.61
95.181
82.8704
148.124
124.894
144.899
136.507
139.387
113.15
94.4642
89.8403
131.674
120.091
147.588
148.247
144.904
141.468
129.418
122.037
78.3824
112.796
124.933
117.547
111.948
111.056
64.8535
37.4443
60.6512
71.0342
110.942
120.524
105.955
110.073
121.147
112.171
119.431
90.006
84.0574
81.5233
80.3641
61.5733
106.511
111.615
126.472
120.331
138.563
175.329
117.955
126.847
82.6842
98.121
64.4674
109.503
70.1533
107.282
71.0833
105.886
136.839
120.709
111.877
129.32
130.831
121.178
126.684
83.7641
62.2213
96.5771
130.841
102.331
139.741
135.575
115.209
117.389
133.241
123.14
110.007
114.489
114.509
119.692
96.3847
88.1783
77.7834
113.818
128.042
108.647
116.04
91.3456
53.0377
80.0124
75.3177
95.2317
119.076
84.7169
165.883
106.257
126.929
105.754
84.1961
68.2202
112.408
134.25
110.945
96.7561
106.87
134.694
107.158
102.295
129.012
101.343
109.195
122.518
122.349
132.068
122.544
106.525
112.136
99.2473
109.642
110.001
115.78
133.198
105.818
112.847
155.098
156.684
123.889
69.2823
65.4574
76.8101
130.038
171.756
137.204
105.664
93.1513
146.829
127.915
97.651
97.999
83.3727
124.352
133.908
145.39
132.711
121.391
81.3009
86.0514
83.0668
74.3238
72.8219
102.545
89.483
87.3163
137.73
116.333
114.252
96.1584
96.3316
76.3667
108.981
87.0542
167.621
61.6398
127.113
95.5793
96.9579
92.5754
80.0504
132.883
127.613
110.196
111.797
111.583
125.481
93.7618
95.6131
107.15
86.0727
105.24
31.1988
43.6934
81.6073
55.8045
90.2958
88.49
90.0494
87.8412
83.289
104.947
108.493
114.791
104.076
113.884
96.8342
88.0918
120.689
110.272
62.7313
86.8071
104.589
86.6885
75.4815
131.567
91.7819
101.757
78.1841
81.7376
98.1861
85.0919
105.984
115.979
101.575
95.5637
155.95
158.668
152.527
156.296
147.06
132.02
134.182
134.352
140.547
161.869
154.742
170.242
96.1417
126.107
161.34
158.245
157.434
160.667
153.344
178.809
164.166
121.905
142.502
158.839
118.072
139.795
158.246
175.312
176.489
129.646
149.42
129.523
148.923
46.3126
75.3763
128.79
143.109
112.901
124.729
119.847
117.14
122.423
133.411
144.735
132.252
136.003
157.283
123.683
138.465
116.599
144.007
124.023
111.913
146.515
143.589
145.415
149.279
142.527
148.174
146.03
86.9335
122.654
116.258
105.135
90.7377
53.6541
124.701
136.505
133.4
121.101
125.268
130.394
115.522
99.2223
111.452
129.663
123.844
147.561
135.456
132.247
123.681
135.875
113.769
95.329
103.142
112.317
158.028
92.7359
97.3196
126.634
104.631
173.462
157.43
126.864
166.377
150.619
149.96
148.192
119.223
112.99
163.119
146.77
167.944
156.15
144.39
130.95
107.548
121.548
82.6143
144.023
155.491
149.336
62.8809
102.707
109.066
94.4777
69.363
65.2134
99.8836
119.806
57.4448
172.376
106.179
109.107
115.81
80.9868
88.4289
89.1019
136.69
138.898
155.51
143.231
144.623
134.343
105.23
130.738
153.184
115.911
80.8046
142.733
140.831
103.915
119.666
120.151
122.42
146.962
112.671
117.274
115.34
121.266
115.693
103.048
109.98
121.281
118.843
128.024
112.23
103.189
110.251
128.058
117.357
134.971
56.7731
104.405
124.288
79.4809
122.339
116.534
109.444
121.766
128.053
124.214
110.197
123.272
45.0849
49.6
120.235
81.417
87.6347
147.661
142.684
139.44
143.415
138.219
131.142
113.501
120.887
86.6246
73.9949
129.966
133.876
149.069
154.934
134.624
136.993
132.122
121.762
135.691
142.323
140.331
135.698
132.337
134.312
134.349
143.127
134.91
135.275
139.664
127.379
137.467
134.944
119.947
133.931
118.342
136.457
131.731
119.078
122.376
121.951
124.979
112.688
149.895
134.606
131.525
123.863
130.123
126.359
120.33
127.26
100.3
119.185
144.064
120.812
121.825
123.517
118.198
43.2158
113.993
110.527
137.885
139.764
123.833
83.2544
86.5769
102.568
127.904
119.852
108.86
107.818
130.388
125.113
122.782
137.157
105.696
122.529
128.311
144.568
109.4
133.829
97.7457
97.2651
123.827
146.208
167.686
93.2446
56.3447
77.6286
163.366
85.6483
84.825
110.376
133.278
90.9434
126.866
130.526
140.639
104.946
117.071
141.57
128.095
127.39
120.592
139.37
150.246
116.184
150.212
108.698
91.5675
62.2875
135.439
60.5014
114.541
104.014
104.295
102.6
115.34
88.5209
97.3597
111.541
124.611
40.1675
54.8391
31.5835
98.8404
84.9696
90.6861
92.3705
87.8466
98.6485
114.333
103.819
109.947
107.061
117.479
105.953
94.9458
108.451
90.6894
102.445
105.465
102.289
100.833
97.3921
89.7983
87.6397
97.1992
94.1517
85.6768
90.442
107.323
89.0831
117.205
95.5395
125.383
110.783
111.88
54.4187
121.579
83.1492
107.817
85.4163
104.083
112.158
91.0735
91.9057
91.6583
84.8098
85.3318
140.305
112.57
106.387
100.567
138.081
116.448
139.416
138.532
161.099
139.855
126.41
116.768
111.289
97.4647
81.7628
126.6
144.668
138.587
148.802
133.879
109.992
101.758
140.11
82.1451
121.457
106.037
127.565
83.9141
113.712
85.394
71.5579
69.2498
97.4231
104.666
95
112.052
116.008
83.8863
109.076
112.405
116.672
126.756
131.601
130.319
129.939
119.993
127.398
104.479
85.9052
120.557
115.127
117.397
117.848
111.966
133.752
138.934
106.528
106.685
102.058
91.4507
84.9255
34.3485
61.4736
56.9739
56.4854
46.6155
63.352
154.466
72.2407
90.1506
85.0479
98.78
56.7508
81.2198
87.1911
83.8296
103.63
78.1513
73.2727
77.0547
90.5666
88.8831
119.13
115.864
145.167
147.215
146.064
127.067
136.175
108.225
55.6243
155.242
108.307
118.325
115.238
126.462
119.198
142.616
147.982
155.935
119.941
172.653
112.268
84.7782
100.431
116.618
117.72
178.158
115.775
161.086
194.429
124.634
165.451
143.089
109.9
107.499
121.027
140.537
123.836
125.549
66.5959
106.057
42.7609
118.946
107.107
172.296
139.963
101.162
39.0198
42.5469
101.231
84.0268
75.5013
71.9257
76.312
95.9551
146.942
127.912
78.0151
125.522
109.274
48.7175
109.373
94.3504
120.584
125.638
110.262
94.1757
116.823
85.1139
143.461
132.342
109.218
121.704
144.987
150.579
127.477
123.608
124.412
130.019
132.14
139.803
116.298
100.11
77.1837
118.528
79.1993
79.0815
121.35
120.149
115.226
119.971
133.942
144.439
115.114
142.739
123.939
130.672
108.422
161.643
130.033
132.255
126.624
129.837
126.023
143.943
144.382
149.66
159.885
154.599
153.581
130.674
138.258
118.537
158.947
160.454
155.452
154.516
150.287
162.257
152.27
150.394
149.408
163.052
164.046
155.143
160.045
157.426
159.359
143.147
165.781
145.511
107.132
118.539
123.165
110.626
101.672
96.6427
114.102
118.638
106.194
69.3794
119.673
99.9469
112.436
119.778
130.338
111.372
102.526
163.041
82.5668
135.207
135.817
149.503
152.152
105.83
120.256
117.994
146.368
135.89
155.921
166.533
135.994
166.569
120.348
146.225
132.67
154.489
135.686
170.153
144.454
120.88
129.754
132.165
115.268
121.659
143.682
164.389
134.501
116.088
131.721
123.973
124.409
130.072
149.693
135.31
148.536
157.39
167.125
154.014
202.734
137.492
132.311
133.561
178.637
183.168
141.946
46.0769
42.4769
55.268
49.8967
50.8201
51.6475
93.339
106.681
99.2403
111.654
126.99
101.868
138.559
111.89
125.027
136.18
111.812
122.874
130.827
113.557
144.502
143.789
106.183
114.005
127.269
120.2
127.482
141.263
142.651
125.046
118.174
130.242
136.725
103.559
123.99
122.249
114.802
113.398
122.788
127.468
117.27
133.659
126.442
113.08
132.979
119.966
120.64
104.348
119.487
112.515
105.589
45.626
100.857
93.7718
88.16
84.4968
82.8842
83.2143
119.497
85.0736
84.1906
88.7691
129.166
114.056
63.4171
88.2472
86.3046
97.2897
96.0603
85.1063
93.6639
86.9879
131.679
145.132
135.093
131.857
137.708
193.519
155.821
129.248
118.244
137.815
111.403
89.477
131.25
183.859
120.622
165.973
117.901
140.321
98.1135
122.063
108.054
146.014
149.41
102.505
106.039
183.974
116.292
126.71
108.601
90.9233
101.637
117.361
88.5982
174.626
140.993
86.1312
95.3137
104.505
87.205
104.722
91.1102
76.7561
141.408
130.811
132.633
180.842
160.611
202.279
151.398
153.597
141.446
139.633
163.559
136.851
141.623
141.623
142.973
151.375
149.71
106.818
119.931
122.199
119.37
93.9191
148.381
131.988
163.042
142.829
120.425
160.749
118.378
152.228
178.799
110.507
111.456
135.35
123.942
114.979
108.507
142.92
125.149
100.245
128.681
109.479
129.675
68.376
132.948
135.147
144.425
135.802
135.261
144.882
132.42
135.427
111.581
114.167
105.014
127.575
121.614
100.251
119.03
110.739
134.091
182.132
194.735
194.358
212.182
201.611
221.599
215.489
105.043
196.118
199.09
115.132
118.735
181.581
201.263
112.913
178.376
125.994
207.913
206.919
237.926
231.28
186.429
232.574
235.993
209.096
228.544
204.859
121.743
197.307
168.451
197.029
189.368
195.436
182.826
173.545
135.434
195.481
134.253
177.663
148.191
227.809
161.668
145.414
142.708
195.201
200.625
199.559
215.093
228.058
224.526
137.065
113.717
141.071
133.606
129.373
126.458
117.956
108.562
47.7543
16.3872
101.715
83.0819
60.9835
129.526
100.997
94.6249
100.953
108.668
131.086
136.376
121.15
165.262
182.194
177.999
140.916
146.018
113.556
133.852
123.582
108.146
171.314
153.807
125.468
103.742
88.2058
135.942
159.197
123.166
165.805
85.2595
102.225
121.768
125.371
130.301
128.825
131.654
112.008
97.6944
95.5322
152.606
86.2367
130.895
130.059
110.535
139.327
128.735
82.8698
127.258
131.934
156.267
114.371
88.0174
133.107
151.396
202.621
156.557
119.587
142.664
132.173
144.621
133.862
134.759
121.044
117.461
125.513
144.964
87.0377
110.408
132.527
88.3803
116.433
112.096
102.405
146.96
115.187
141.288
128.784
137.647
133.843
144.693
142.3
155.191
133.091
125.891
114.524
130.555
127.557
146.084
135.12
148.251
152.488
129.562
147.568
114.411
137.789
121.827
136.983
126.097
91.1486
107.915
112.103
90.866
71.3067
101.972
107.534
115.711
119.743
62.6701
117.605
100.747
113.758
127.884
126.15
119.624
157.418
141.382
103.491
137.739
134.293
131.939
110.566
139.784
138.837
168.083
133.836
142.826
134.334
134.464
140.072
111.05
112.792
122.287
63.1353
108.075
144.622
107.557
124.564
116.53
118.587
110.436
104.371
113.538
151.066
120.608
138.525
133.197
132.706
147.539
131.164
144.353
97.7686
110.974
123.801
103.31
123.415
92.893
124.629
162.073
123.114
133.513
142.243
110.997
114.663
84.2021
94.6441
118.949
126.703
157.741
117.564
93.7749
126.268
126.978
127.424
111.418
120.783
122.042
82.9764
74.7265
56.7881
24.1236
34.5557
66.8586
72.9923
102.587
138.913
140.396
134.372
145.259
118.345
134.441
80.2206
137.099
125.089
112.551
114.654
104.636
93.7997
122.349
109.479
102.409
125.246
117.999
130.53
150.217
133.954
109.903
104.513
86.3747
95.6576
108.371
118.221
84.9879
92.395
93.6529
103.286
100.756
116.205
92.9591
52.1466
76.2115
118.704
118.923
112.234
114.996
107.642
136.194
30.1351
70.0634
127.14
103.378
123.283
153.272
133.706
134.65
118.244
163.262
129.403
132.686
142.983
137.519
127.059
127.696
109.614
121.637
119.815
121.011
116.657
105.811
77.5687
117.218
137.552
128.445
126.028
119.265
111.262
121.633
128.496
126.919
137.349
115.877
121.253
127.641
85.6667
131.971
122.679
127.554
106.515
137.895
102.446
120.473
161.801
175.026
124.859
147.293
173.632
172.195
173.085
170.753
172.051
173.974
169.798
157.646
173.105
144.493
137.112
118.583
134.488
130.867
124.825
105.05
101.84
138.627
69.9878
94.3818
11.9664
84.5282
121.891
132.997
139.496
85.8668
119.876
134.964
130.664
122.821
102.945
108.777
148.973
88.8324
90.7766
113.433
103.776
176.694
94.9325
106.435
104.668
109.853
140.604
133.367
93.9016
107.253
110.439
68.2807
92.8525
110.157
76.4915
104.371
61.1691
151.236
150.56
134.579
114.424
160.592
117.097
137.852
124.895
139.332
117.644
92.3199
99.1466
143.966
93.2286
104.35
94.1308
86.4569
127.66
122.499
101.15
144.181
129.603
112.494
111.224
117.931
109.452
104.454
114.952
131.722
133.423
133.223
104.295
75.7009
77.1971
80.9247
145.574
94.6925
100.725
127.367
94.5217
108.55
111.502
127.913
147.195
160.353
156.864
125.079
88.948
150.977
98.0414
122.252
126.355
152.674
154.093
122.302
134.777
77.8883
112.562
160.496
142.848
96.6584
97.9499
112.716
128.785
135.022
128.731
119.747
124.777
128.917
82.815
143.111
117.993
110.727
95.7332
145.845
136.666
132.486
136.375
142.72
135.947
100.638
136.179
130.577
134.046
119.626
114.031
132.057
121.864
156.073
113.174
92.7654
137.63
135.979
127.407
73.3829
121.71
130.593
122.532
119.393
108.527
78.2103
124.932
140.447
129.353
134.534
145.454
98.7665
97.5696
97.3699
108.815
83.0968
113.215
135.283
128.557
142.237
113.412
128.025
99.4086
149.324
132.862
126.429
135.218
103.612
118.426
133.032
129.697
134.01
127.347
136.128
123.772
120.058
22.8629
54.6041
37.35
114.239
99.4401
48.8789
99.6374
124.326
90.7507
87.3457
115.656
101.862
128.693
136.99
125.371
143.559
107.612
141.044
144.859
148.956
147.694
144.736
126.73
152.574
146.297
120.662
145.395
158.071
150.146
146.017
110.746
117.478
122.235
123.288
120.606
114.166
131.651
140.085
128.575
129.291
128.837
127.893
132.934
118.023
137.626
144.898
110.481
120.119
141.848
126.48
126.113
114.158
100.213
134.791
92.0146
124.474
76.9433
165.796
61.4847
135.103
126.683
131.851
125.263
107.107
127.032
135.2
109.813
122.491
124.292
110.803
109.888
108.798
100.06
111.869
125.022
135.367
136.497
129.062
120.621
131.448
109.293
107.057
126.333
136.415
145.593
127.989
85.5306
142.453
136.977
140.221
112.797
33.3348
81.3855
62.5756
37.9189
131.763
132.818
132.14
142.662
129.372
122.742
146.021
132.088
131.243
117.62
132.889
67.2863
20.7248
110.279
8.85636
121.881
129.132
122.306
137.125
124.391
126.018
120.181
110.366
92.4829
75.0594
126.682
183.617
119.151
124.465
127.221
130.959
138.042
124.033
125.689
129.313
147.666
135.81
137.401
137.447
142.676
122.65
136.909
125.818
102.928
81.3005
108.178
114.485
79.3934
31.451
109.599
122.901
140.74
54.3391
30.6573
90.1334
128.442
99.3635
111.32
103
143.254
164.122
170.78
161.309
149.011
168.582
168.891
139.32
136.023
151.959
136.497
145.339
120.621
127.001
134.593
157.718
131.795
153.597
158.294
136.58
131.465
132.463
127.011
142.298
139.661
156.311
114.46
150.664
153.565
125.007
138.081
120.782
132.322
136.26
145.194
150.294
131.861
132.044
137.005
140.681
146.637
140.2
149.23
134.11
140.958
149.782
132.518
166.64
167.185
161.427
156.451
158.57
165.529
166.866
153.663
156.272
158.453
160.115
158.219
170.776
167.054
162.368
182.794
145.695
134.882
157.592
165.624
159.334
149.26
121.978
131.032
139.924
147.094
143.975
138.504
132.172
160.6
167.882
156.494
138.063
139.033
146.072
144.986
121.731
143.459
145.155
113.265
130.3
131.669
138.916
136.099
142.779
145.636
137.722
141.747
116.518
134.291
130.573
118.427
120.104
125.112
132.482
147.089
122.8
111.072
131.874
173.438
128.235
153.282
114.301
121.055
94.6661
143.47
132.212
109.95
142.623
73.3433
139.074
135.713
126.16
142.5
143.514
147.108
154.828
141.377
138.656
147.384
163.617
175.686
133.197
136.972
133.253
139.809
141.671
112.973
139.84
148.812
127.939
162.835
147.064
155.265
147.763
147.466
152.524
142.304
135.058
143.349
147.606
140.877
166.932
163.637
151.292
166.31
161.508
164.61
147.32
146.346
149.234
102.51
102.555
126.618
120.227
111.19
87.4428
95.7565
100.224
95.5895
86.7989
155.235
156.595
148.464
155.566
178.25
156.599
175.625
165.832
168.66
174.966
169.773
168.517
171.986
165.146
175.98
133.522
36.7644
45.3998
97.2831
136.974
132.782
129.557
127.674
123.731
141.21
167.209
33.2822
34.5157
77.6242
52.2798
79.2058
64.5133
52.7351
53.7859
80.8051
141.568
96.3011
103.857
79.1059
75.2076
87.2791
122.347
93.2301
78.9742
78.9388
74.1726
139.04
122.359
119.447
118.014
137.977
143.377
132.76
127.244
129.091
101.756
141.186
143.469
150.387
108.529
135.445
146.965
151.395
139.592
138.973
131.851
114.866
155.415
143.271
70.2543
181.452
132.64
142.938
127.588
132.301
129.22
153.128
141.692
113.95
115.799
141.18
105.105
137.026
109.889
140.45
121.403
137.687
154.346
120.021
130.774
128.41
125.841
106.621
139.301
105.34
154.582
128.615
107.883
41.0507
42.1014
37.3542
27.8952
32.6477
30.134
164.59
127.29
124.257
119.098
54.6595
57.0994
111.45
132.86
122.795
127.723
137.585
136.503
125.309
111.313
84.5781
137.75
141.41
147.79
106.715
122.815
112.662
130.207
124.4
131.59
119.636
173.805
160.614
121.72
141.095
151.115
111.702
155.697
160.076
150.617
151.503
161.854
146.313
149.835
127.469
138.858
106.929
144.43
150.805
149.848
141.168
155.022
113.257
123.707
77.6978
77.6304
79.3675
106.956
113.068
6.84813
5.2415
109.954
171.388
176.057
174.282
174.252
158.795
164.8
185.932
151.344
133.49
112.721
119.162
125.764
115.899
128.943
122.91
140.678
117.196
142.813
102.613
130.026
118.971
113.068
134.45
120.923
128.022
146.9
152.51
114.934
107.934
81.0982
103.044
133.913
143.771
111.752
28.6442
33.623
111.325
118.457
110.469
133.628
109.606
112.995
109.193
109.931
145.111
127.696
126.38
126.444
134.886
132.02
178.187
171.872
103.573
114.648
126.729
118.754
101.471
141.178
138.09
142.787
157.454
117.361
44.1442
43.5073
108.985
154.597
149.493
143.065
144.369
85.1967
105.138
150.157
116.882
97.4225
58.0848
85.5214
126.975
98.9908
97.8244
165.691
156.633
134.224
112.029
114.81
149.935
128.292
117.509
101.371
96.3074
103.179
124.552
125.227
112.247
121.238
128.6
130.887
126.182
130.333
126.812
131.435
158.047
133.458
128.57
133.232
124.896
119.335
140.054
106.014
130.726
139.797
108.032
68.2538
126.744
123.104
115.133
137.544
144.647
135.803
139.352
141.279
138.603
141.215
108.085
126.495
138.307
141.493
140.427
134.728
130.238
110.936
72.9656
72.2557
91.7694
123.924
130.487
130.156
9.24482
7.85948
10.0065
10.2124
12.9296
8.92247
121.714
36.6954
125.912
120.964
124.539
125.302
133.248
127.878
135.879
141.012
139.784
136.21
134.907
91.752
134.532
131.257
95.8781
113.154
96.4845
126.494
124.56
110.067
137.842
130.766
153.55
149.022
138.63
119.168
103.593
96.4526
146.779
144.534
96.3087
94.4013
96.6296
84.5155
147.945
91.6859
116.301
126.328
116.492
158.303
171.633
172.021
155.161
174.289
175.009
186.676
173.038
168.74
164.261
89.4311
103.632
120.929
149.999
170.823
134.589
132.51
101.203
91.4768
87.5598
115.021
124.201
102.897
127.911
136.589
27.331
102.515
142.81
127.926
115.046
129.38
119.98
123.227
118.634
96.6042
128.993
136.376
121.236
128.082
117.497
143.552
89.4733
81.0844
138.657
161.196
110.129
113.645
110.697
116.1
122.561
153.122
135.408
136.721
145.561
132.079
119.294
140.743
144.645
131.853
115.147
129.245
146.166
145.373
120.361
115.874
131.662
77.3199
59.905
113.869
126.156
119.691
138.387
126.363
126.786
117.961
115.875
118.33
123.472
125.168
127.129
110.957
158.001
117.16
135.506
128.287
137.608
116.713
122.434
128.008
140.039
111.268
97.9732
161.196
150.362
156.294
79.7589
106.835
97.4321
95.7312
143.099
124.916
119.527
72.4169
73.7378
144.052
124.584
184.386
177.726
127.613
130.346
161.185
162.594
71.917
94.5276
24.4914
6.74302
27.2575
128.887
154.802
123.52
113.612
127.608
130.874
144.06
147.931
144.283
151.968
146.552
135.93
159.684
104.162
59.4527
113.527
112.806
138.449
116.21
96.4437
113.904
119.678
32.7373
47.1324
38.6744
41.8012
70.8681
156.737
142.853
145.368
117.289
59.011
94.1556
85.4101
103.618
96.3803
145.661
156.146
116.231
94.8211
104.954
90.1197
141.771
132.173
116.468
70.5442
112.051
127.412
111.041
99.2209
108.23
124.464
114.763
125.406
90.5623
129.518
136.755
132.596
119.959
111.551
131.632
115.371
122.755
111.281
140.623
147.999
148.132
137.844
160.724
93.0948
152.924
136.338
139.569
143.432
138
128.526
124.96
143.007
140.333
143.785
140.695
138.487
127.725
133.356
98.8143
157.052
154.125
174.447
152.844
121.127
100.616
151.109
121.917
125.004
105.339
149.544
110.281
117.515
126.506
112.661
154.73
67.4902
119.015
147.766
136.871
120.264
80.5286
90.9485
54.9104
65.7934
64.7505
49.7409
58.8984
54.7078
55.6859
109.269
119.537
120.043
125.647
114.052
115.234
130.149
132.281
134.315
121.593
140.122
147.818
136.09
139.434
170.067
113.029
120.156
131.457
143.379
136.424
129.437
121.759
90.8406
130.743
142.955
126.486
171.693
112.958
83.2848
127.566
143.875
110.217
113.557
124.567
73.0299
165.812
148.42
144.646
162.647
142.122
140.959
161.946
139.803
145.25
109.317
133.278
134.912
133.684
103.191
127.112
132.563
128.136
153.364
145.759
129.918
112.616
106.659
51.1385
127.816
106.353
122.627
64.9671
138.814
107.075
134.754
138.74
121.999
106.381
133.448
98.1844
134.108
126.056
101.675
129.183
129.707
129.828
130.122
110.515
82.8578
87.2118
84.6614
82.1231
95.6488
126.839
132.359
153.405
113.286
159.378
146.793
115.044
123.659
135.635
132.946
124.259
87.3787
133.425
148.002
157.159
132.151
141.917
81.656
129.839
127.217
157.769
139.581
119.378
116.568
101.739
116.66
118.828
97.8537
139.454
119.725
127.534
117.172
133.168
117.253
112.946
124.226
91.4192
71.3486
124.899
71.533
108.878
139.363
100.9
79.7059
123.619
110.791
126.888
103.848
112.769
104.295
130.611
128.742
168.33
154.253
147.3
133.454
135.608
106.78
160.644
135.04
138.057
148.026
149.796
103.662
113.517
142.169
119.958
122.875
142.993
155.788
164.507
130.593
144.251
146.851
122.552
133.085
131.801
127.479
138.133
131.058
118.634
143.507
99.12
75.4702
80.8054
90.7453
48.0204
81.6641
60.5227
86.2242
68.5338
94.799
73.9665
92.755
132.257
112.886
133.876
91.0236
119.563
135.864
147.592
135.693
139.626
117.46
99.4012
112.848
97.0373
92.1898
113.149
100.717
110.238
145.96
132.507
167.614
105.07
104.057
7.18543
76.6919
21.7842
23.2214
16.2457
18.3943
26.5684
121.004
116.345
116.115
125.111
111.253
117.295
150.839
135.405
101.631
81.5027
122.794
119.37
117.094
129.637
124.044
131.588
108.198
158.524
138.051
94.4414
135.818
124.336
145.533
134.102
137.854
137.101
30.2798
138.283
97.3655
171.281
166.25
159.576
70.7322
146.659
157.386
162.454
135.221
92.8394
142.505
152.006
136.374
93.9889
155.069
163.181
156.953
167.837
159.841
136.316
137.853
126.072
145.157
150.615
137.991
143.903
155.995
167.121
168.078
132.504
120.268
136.442
136.322
139.612
145.439
147.956
135.611
141.722
135.029
117.078
112.418
146.938
110.725
140.013
141.795
150.379
144.549
143.48
151.751
142.988
132.964
133.606
131.637
148.61
145.973
81.7895
151.861
153.58
167.585
184.571
168.489
110.297
128.525
113.255
121.025
117.643
111.559
133.891
99.4174
92.486
120.777
135.348
120.465
117.416
121.627
112.447
112.458
118.915
105.865
134.525
107.771
124.038
128.903
131.054
103.077
121.423
124.712
90.2985
115.585
117.163
100.686
91.552
138.125
131.233
137.631
127.083
170.735
127.587
97.857
85.4002
103.693
130.417
124.808
126.301
124.645
63.2884
52.6548
120.502
69.3169
60.5555
79.6866
79.664
75.2635
47.5439
61.4182
132.993
150.108
129.986
143.453
123.715
128.636
121.431
104.741
106.04
142.439
130.204
164.968
117.637
55.1087
89.644
130.947
135.109
113.659
115.766
153.686
142.496
150.031
139.047
146.149
144.088
152.352
135.924
142.477
124.014
134.98
144.56
135.658
161.813
129.281
159.783
106.997
104.494
90.7652
113.22
117.708
99.1327
57.4363
96.6152
102.447
96.2548
111.622
109.377
78.3538
103.896
76.7118
88.9038
108.377
135.516
94.202
101.878
73.8646
88.9578
81.9234
64.6215
114.418
74.9295
132.551
136.268
80.8768
83.7401
68.3154
167.993
204.811
210.108
225.65
110.359
129.256
141.225
164.568
166.106
155.33
202.384
65.4132
72.1475
131.486
113.366
117.472
119.082
126.025
111.766
123.075
109.947
103.993
90.4969
114.153
109.474
68.6715
66.4846
88.6195
99.5591
102.671
105.938
85.9162
73.21
74.0022
74.4324
106.845
106.844
103.732
101.962
103.922
116.937
118.053
110.089
101.014
102.943
89.5013
122.829
103.797
102.291
104.284
118.639
120.809
91.6469
94.5577
97.7672
108.896
110.841
96.8658
79.6401
70.1241
65.8729
72.481
70.7189
101.083
96.3832
99.7207
103.813
96.9773
80.0666
91.0338
89.6294
84.7676
100.523
99.9861
97.2601
70.4905
91.2674
90.5739
96.3585
67.6917
58.2567
65.0133
99.5043
91.9919
110.557
109.544
116.523
114.208
114.033
110.173
62.5215
63.6036
100.487
108.874
105.113
108.236
93.7825
87.8125
95.4994
104.142
97.5471
112.146
80.5108
113.163
131.927
118.669
89.673
55.7262
66.1232
87.8176
86.4068
109.164
46.1399
75.2339
29.989
67.726
102.605
95.026
61.4962
119.737
95.6356
106.817
94.9045
84.1891
109.623
119.765
122.032
98.1625
103.443
93.2148
110.288
102.892
109.923
81.7672
74.815
100.082
119.993
117.663
104.655
105.711
81.8938
122.267
64.6873
98.489
120
101.425
65.4581
89.4183
105.761
91.4212
74.0265
82.5791
139.346
80.6922
143.778
82.275
133.902
144.891
147.603
117.698
87.728
77.6125
124.057
97.828
77.6567
133.02
116.34
124.026
127.174
139.55
138.657
99.1568
74.7563
123.121
116.888
128.712
111.233
52.8384
127.519
133.874
122.378
157.293
81.7119
64.8611
89.977
157.929
131.746
60.5938
120.149
162.5
121.621
136.065
125.061
118.316
129.385
114.212
131.922
137.245
106.519
36.3001
24.1126
108.447
110.97
134.262
138.054
159.453
130.049
148.741
142.387
99.2372
129.771
132.511
133.585
100.492
98.266
139.394
124.943
127.482
185.689
152.714
132.783
150.657
131.594
117.526
128.257
116.254
126.014
129.183
136.976
136.969
114.464
88.8775
144.214
105.411
106.22
123.868
69.7785
142.426
117.819
123.009
31.2896
112.307
119.559
35.9603
106.235
91.958
74.9629
143.169
36.7754
111.181
26.1207
61.0304
84.415
53.6325
131.856
81.3253
53.1581
83.8691
122.827
136.91
76.495
133.155
128.363
58.7761
133.068
132.993
123.498
58.9622
127.441
131.741
147.748
152.724
113.821
153
47.8503
137.333
102.775
130.039
78.3036
124.565
119.077
106.189
134.538
99.865
106.65
91.0179
37.0321
146.695
98.2482
93.2114
154.263
68.8743
134.229
134.086
133.425
102.123
77.9329
111.706
82.0851
38.5143
128.806
124.727
119.026
124.933
127.475
109.51
100.643
146.926
66.6212
135.823
107.915
145.784
131.758
117.858
136.805
139.322
123.884
125.849
129.415
151.648
137.159
140.694
134.08
119.125
128.963
130.101
48.6012
118.716
32.7695
108.983
114.755
104.724
82.1757
132.754
41.223
158.11
141.223
106.447
109.525
127.097
29.3118
132.836
120.249
139.045
136.076
114.712
115.036
126.241
29.5274
120.158
116.851
130.701
53.249
116.93
131.116
116.876
49.9365
113.187
65.7427
70.7011
74.7054
23.2385
26.4885
21.4988
26.9132
130.284
174.912
165.814
133.721
140.133
115.624
124.701
114.572
124.02
100.548
105.715
69.3442
117.666
119.3
102.388
54.3667
77.5977
49.1544
43.5517
151.702
141.194
123.431
95.4358
138.286
97.3494
86.6973
81.1622
113.945
98.5195
96.0443
105.784
100.213
102.518
139.745
83.83
94.9614
128.764
99.3541
105.509
149.576
115.45
120.084
131.234
96.9111
102.346
111.027
136.252
98.5778
69.4377
109.887
86.3344
96.242
130.762
87.4924
106.977
96.5076
102.274
118.476
78.4749
125.934
63.2538
119.156
124.911
136.121
74.0917
124.473
118.201
74.6173
108.211
78.473
132.332
128.65
113.468
128.312
132.473
49.5964
99.7834
78.6366
34.2285
99.7329
130.192
61.4094
41.9184
85.1387
42.382
66.3581
53.4107
57.1744
95.6192
51.3857
99.0891
63.1008
96.9433
88.8034
124.502
136.838
136.175
127.836
79.744
86.1665
68.4309
109.956
118.926
21.2599
64.8438
86.0235
63.1354
75.3236
91.0856
106.203
107.53
105.339
70.6234
122.569
112.239
137.91
53.8908
67.4506
123.338
107.031
109.522
124.201
136.089
133.868
136.512
134.482
129.492
131.127
122.518
131.633
133.253
136.936
109.739
132.339
74.9976
114.243
121.564
117.531
134.309
118.865
98.0378
119.824
138.325
131.149
129.244
129.882
94.1496
137.267
137.778
65.007
95.8929
123.403
113.486
130.489
68.0905
119.691
118.034
88.4011
115.123
91.0467
51.5756
51.9963
79.9278
60.3555
131.835
49.8633
126.821
109.803
126.84
109.325
93.6033
132.926
117.91
98.5569
41.4642
123.4
70.678
124.035
49.4655
49.7506
53.1439
34.8375
29.8946
113.896
114.992
111.714
114.564
118.356
116.638
110.358
92.3116
107.326
95.6496
118.834
114.614
101.366
105.832
67.6833
50.5737
123.139
107.14
100.263
117.264
123.647
71.7573
113.496
147.063
53.2717
114.897
132.074
118.09
107.529
58.8678
72.2434
54.3342
67.5298
68.6723
81.2169
42.5625
158.968
152.736
122.323
116.532
131.67
142.018
128.587
118.092
119.382
82.7894
110.911
134.802
134.465
134.64
135.381
105.568
108.094
139.187
109.894
88.9869
113.364
105.736
122.217
122.267
144.292
114.151
71.5513
94.8556
137.729
135.022
128.326
134.838
133.936
131.429
123.327
127.275
117.46
93.1848
123.638
88.9026
78.6195
74.0262
91.2853
64.6349
109.08
129.199
98.0925
108.434
126.488
86.3997
125.168
82.7565
136.886
194.733
128.335
162.088
130.457
156.462
160.806
102.493
72.8193
114.914
118.125
77.2517
24.1441
122.453
132.424
144.614
90.3063
114.878
99.3453
77.8885
41.7488
51.6913
47.0124
146.236
147.442
136.468
144.603
126.661
150.911
176.489
76.3956
103.979
149.971
121.753
136.617
124.42
115.856
118.559
53.4599
183.929
202.594
124.684
114.419
140.029
96.0939
111.72
108.97
127.53
126.534
113.654
138.344
109.316
113.219
144.04
144.105
108.238
137.587
128.638
119.536
128.122
124.705
151.449
132.609
147.731
148.705
140.025
139.414
118.837
126.567
116.162
122.706
139.494
123.442
118.938
123.438
109.459
116.442
98.3923
87.679
94.5703
104.17
102.327
107.246
79.1859
124.094
134.831
135.084
97.4295
152.536
148.927
151.232
81.2828
120.307
124.799
130.445
108.052
95.6021
96.8034
108.36
41.0264
92.8742
113.039
65.3919
50.7387
13.2446
126.409
106.852
112.335
125.59
71.1207
134.862
117.433
134.367
135.001
133.844
129.814
116.908
113.143
136.705
116.63
143.423
137.444
140.352
149.359
107.365
104.855
91.358
154.025
110.553
137.887
96.7597
122.183
143.683
115.531
122.621
106.159
105.618
90.4671
131.362
128.708
118.661
97.3383
100.047
126.028
111.712
83.5376
83.7359
128.234
106.722
124.223
98.2989
151.129
119.795
35.5365
43.3374
81.8579
94.5707
72.5316
64.5349
104.7
81.9289
97.2969
55.9519
74.0401
76.1762
52.7667
46.0057
82.1847
120.151
82.6002
116.737
93.776
113.96
106.949
132.163
146.89
103.109
94.1169
72.6018
83.4816
81.0137
98.4682
115.864
98.225
107.979
100.079
104.231
110.886
84.7985
62.5573
40.9372
41.3107
120.095
103.587
137.769
120
116.878
93.0066
126.577
78.9326
102.169
85.16
82.3438
112.014
95.8118
84.3748
102.761
114.564
109.811
137.524
98.3265
120.717
85.1816
86.4195
86.131
94.4003
82.1446
106.949
118.002
39.9884
113.81
58.7815
87.1203
131.181
115.009
121.557
104.974
104.853
119.259
129.468
43.3814
57.5085
117.212
129.708
72.8367
81.5491
89.8859
90.2629
117.803
65.0289
80.343
88.5584
88.4849
92.2786
30.4435
80.7656
92.0743
32.1609
56.1955
90.2377
89.6843
49.1064
67.3652
66.1098
91.8146
49.7015
46.1356
98.8433
121.492
132.448
136.482
114.189
109.402
128.012
93.609
97.886
108.945
88.4839
98.1514
81.5226
84.6298
126.059
146.096
82.3331
112.824
105.491
118.031
101.662
73.1499
56.4371
137.979
70.345
123.361
48.8659
129.068
126.521
111.301
101.538
120.118
132.299
110.763
111.39
120.019
121.425
38.1077
38.3957
44.6725
40.8884
32.9537
31.2194
135.709
90.0866
120.345
114.753
116.2
89.9888
108.102
110.332
112.325
137.422
123.719
125.813
121.975
119.172
103.346
67.7714
80.8673
21.7538
83.4104
134.581
107.657
45.814
82.2577
79.264
139.445
124.875
85.9199
105.99
104.183
130.771
123.046
91.2021
108.643
97.3719
101.822
109.255
91.5717
71.4433
38.3844
108.153
57.9782
136.714
92.5733
127.97
137.587
138.213
132.866
129.637
125.203
151.955
76.1955
90.7295
121.789
132.308
144.481
131.974
133.605
107.191
127.538
104.599
143.321
131.972
116.419
109.15
145.996
122.131
108.366
88.9379
119.728
122.282
121.386
101.444
131.82
123.9
106.322
126.839
102.883
99.2198
87.8242
74.3092
95.1665
111.674
93.5284
108.012
99.2545
106.139
133.657
142.31
116.558
131.268
125.623
128.653
140.127
145.863
114.87
128.254
129.161
142.599
103.057
146.467
137.248
83.5483
64.2414
79.4786
59.8241
74.6649
72.9985
69.4545
67.8456
80.9774
127.348
97.0077
119.547
69.8558
125.129
120.184
105.513
72.7092
112.216
90.9588
103.921
116.047
100.494
96.573
126.003
94.4233
112.999
102.616
123.646
138.745
96.3223
111.961
92.1065
118.523
87.8461
119.085
99.2679
73.1109
79.0724
89.2726
136.562
115.88
90.1615
158.193
134.069
117.772
129.365
112.652
108.657
133.954
106.628
119.843
114.372
117.911
116.224
142.597
138.639
117.004
99.5149
150.664
96.8016
122.983
93.9385
128.299
103.665
121.215
155.721
64.3982
63.1926
136.041
108.06
35.6212
99.6526
139.098
100.399
102.327
29.9587
65.4502
154.359
90.8824
91.3829
135.017
93.9707
121.434
125.493
153.959
123.375
103.683
156.654
131.296
136.349
136.488
124.202
119.389
166.188
165.705
134.291
74.3194
95.8752
146.631
158.794
109.999
84.3538
128.921
165.136
164.997
157.259
152.151
162.881
165.843
132.501
123.324
84.3479
98.3213
111.917
87.5565
108.149
90.5917
128.29
149.359
123.471
96.3909
111.923
111.311
106.533
105.044
97.6394
91.2913
93.2562
125.472
112.746
80.407
117.491
117.842
130.231
129.63
149.708
91.7475
92.7841
130.599
119.733
122.919
183.783
50.8386
98.9694
95.9191
90.7476
128.881
98.055
122.76
131.656
117.165
108.027
114.895
107.354
109.157
115.838
87.2026
89.8161
93.6576
113.957
119.814
93.1805
111.68
96.6367
78.2448
126.072
103.406
105.561
122.776
78.8774
115.586
120.193
127.49
116.442
121.951
118.678
116.207
125.718
121.64
130.842
122.095
113.305
132.409
116.801
85.3077
117.712
119.008
135.588
119.973
128.516
70.9844
63.6072
118.541
127.001
116.38
121.762
122.878
122.414
121.575
107.046
117.885
102.675
107.865
123.882
123.535
121.453
117.265
114.646
122.875
124.475
128.503
98.3175
92.9174
113.925
88.4172
112.066
112.741
71.453
114.764
111.774
128.268
129.229
106.076
112.336
84.2799
94.2834
102.801
81.4881
99.071
100.078
93.2837
99.1984
102.416
120.299
53.273
81.0397
115.071
123.088
125.455
97.4428
118.265
125.311
92.1746
139.027
134.779
118.695
126.352
135.21
112.287
114.263
116.589
123.139
105.443
114.87
89.9411
93.7274
127.071
127.463
99.0013
78.955
92.431
91.9352
105.264
95.8303
106.712
121.336
107.855
89.3966
87.069
119.699
157.064
104.129
115.192
88.2547
118.418
72.9505
92.926
111.907
129.183
117.428
121.124
122.248
129.338
135.731
118.185
99.0517
86.6927
97.9018
131.969
97.517
95.9976
93.7668
98.5429
123.75
117.712
119.397
108.704
102.257
128.803
113.651
116.338
144.686
126.747
120.145
125.062
118.214
114.082
121.44
120.459
123.52
119.149
138.305
147.969
123.329
141.684
120.172
94.5151
84.5374
98.3056
94.2012
102.196
114.788
99.8123
96.1612
121.755
102.467
107.495
111.458
130.601
118.072
107.294
117.223
111.582
139.823
69.8704
64.6796
117.025
122.691
129.556
109.656
107.534
112.901
120.664
138.112
101.873
107.031
96.6556
107.838
102.788
155.284
127.761
125.827
91.1912
137.176
124.765
123.561
133.942
111.805
130.73
123.577
134.215
129.184
131.963
115.598
112.319
115.434
130.929
121.338
114.804
124.658
113.198
121.762
77.5436
142.687
93.6214
69.3966
130.047
38.6479
53.3242
115.975
123.935
119.437
98.209
98.8705
139.069
112.184
72.9405
65.3475
97.733
85.3355
78.3594
69.7968
115.392
90.7461
72.1078
101.441
99.6084
108.969
96.2449
118.4
122.215
116.336
133.868
112.771
59.861
87.1079
129.724
96.3367
130.621
120.802
122.112
95.5334
151.875
79.2375
67.9568
55.5911
23.2084
151.171
149.492
143.737
131.992
140.654
129.283
141.851
137.916
131.51
150.098
159.787
114.071
123.278
114.469
126.764
115.541
97.2153
97.2221
108.906
79.8936
100.202
96.4356
97.7909
103.314
114.244
115.274
133.191
127.594
48.9237
177.084
137.06
141.455
137.513
145.728
82.8798
134.389
90.2586
128.254
134.538
131.366
123.669
92.1985
129.861
131.975
126.56
167.293
110.003
152.938
126.711
138.837
124.36
127.189
139.326
137.823
124.337
171.628
151.53
154.392
158.631
158.201
107.853
99.2632
100.569
85.7655
94.9871
114.804
185.743
113.91
100.829
163.267
104.863
158.826
171.728
171.744
127.998
165.826
125.497
148.134
127.069
143.723
133.234
124.939
119.875
187.315
120.391
185.974
116.595
118.332
134.752
198.366
135.019
201.552
115.005
187.872
138.953
161.685
135.345
163.411
140.701
162.561
196.263
115.858
185.724
132.503
112.991
110.378
107.612
143.159
115.332
116.557
122.378
130.463
119.246
115.916
120.155
116.729
124.497
119.172
156.947
123.842
103.116
129.852
129.842
112.401
102.47
111.992
139.553
115.219
160.721
185.148
123.617
131.793
123.669
147.878
139.631
128.839
