0 0
1 0
2 0
3 0
4 0
5 0
6 1
7 0
8 2
9 0
10 3
11 2
12 2
13 2
14 4
15 1
16 3
17 3
18 11
19 5
20 7
21 4
22 9
23 8
24 20
25 12
26 13
27 34
28 26
29 31
30 33
31 42
32 53
33 42
34 58
35 77
36 84
37 104
38 154
39 152
40 214
41 267
42 366
43 451
44 563
45 657
46 663
47 658
48 686
49 532
50 459
51 424
52 385
53 293
54 260
55 264
56 273
57 263
58 255
59 255
60 253
61 236
62 222
63 229
64 208
65 252
66 222
67 244
68 244
69 269
70 290
71 264
72 281
73 325
74 364
75 317
76 348
77 296
78 252
79 270
80 262
81 271
82 271
83 232
84 237
85 248
86 259
87 254
88 270
89 230
90 237
91 288
92 260
93 269
94 313
95 340
96 329
97 323
98 345
99 333
100 336
101 305
102 322
103 334
104 367
105 368
106 389
107 430
108 503
109 598
110 545
111 557
112 558
113 568
114 522
115 495
116 527
117 494
118 439
119 438
120 408
121 325
122 333
123 308
124 253
125 255
126 265
127 277
128 231
129 245
130 255
131 258
132 265
133 229
134 240
135 225
136 198
137 179
138 155
139 132
140 139
141 128
142 125
143 97
144 105
145 116
146 102
147 113
148 100
149 107
150 108
151 102
152 133
153 121
154 128
155 133
156 114
157 112
158 120
159 117
160 112
161 121
162 104
163 111
164 109
165 100
166 119
167 100
168 128
169 121
170 122
171 130
172 121
173 112
174 120
175 110
176 133
177 132
178 121
179 103
180 88
181 91
182 105
183 95
184 65
185 75
186 67
187 59
188 36
189 37
190 19
191 34
192 23
193 26
194 18
195 15
196 23
197 13
198 10
199 14
200 15
201 14
202 14
203 6
204 7
205 3
206 13
207 1
208 4
209 7
210 12
211 6
212 11
213 3
214 7
215 1
216 4
217 1
218 4
219 4
220 2
221 3
222 3
223 1
224 0
225 3
226 1
227 1
228 3
229 1
230 0
231 0
232 3
233 0
234 0
235 0
236 0
237 0
238 1
239 0
240 0
241 0
242 0
243 0
244 0
245 0
246 0
247 0
248 0
249 0
250 0
251 0
252 0
253 0
254 1
255 0
