0 143
1 143
2 143
3 143
4 143
5 146
6 145
7 147
8 144
9 144
10 139
11 148
12 146
13 144
14 142
15 143
16 143
17 134
18 138
19 137
20 138
21 137
22 134
23 142
24 134
25 138
26 136
27 139
28 136
29 137
30 139
31 136
32 134
33 137
34 135
35 144
36 135
37 135
38 135
39 138
40 137
41 132
42 137
43 135
44 136
45 136
46 135
47 136
48 139
49 137
50 140
51 141
52 136
53 138
54 137
55 136
56 140
57 145
58 141
59 141
60 141
61 139
62 140
63 137
64 140
65 140
66 140
67 133
68 140
69 142
70 144
71 139
72 134
73 137
74 138
75 141
76 133
77 133
78 137
79 134
80 137
81 141
82 137
83 134
84 137
85 137
86 137
87 139
88 142
89 142
90 144
91 136
92 137
93 139
94 133
95 141
96 140
97 143
98 138
99 135
100 140
101 139
102 136
103 140
104 139
105 136
106 138
107 137
108 135
109 139
110 137
111 135
112 143
113 140
114 137
115 133
116 138
117 135
118 139
119 145
120 140
121 135
122 138
123 134
124 139
125 141
126 145
127 143
128 140
129 143
130 143
131 139
132 145
133 144
134 148
135 142
136 143
137 147
138 145
139 150
140 150
141 150
142 152
143 149
144 156
145 147
146 150
147 152
148 154
149 151
150 155
151 157
152 152
153 152
154 151
155 157
156 151
157 150
158 151
159 151
160 147
161 150
162 151
163 151
164 150
165 143
166 146
167 150
168 152
169 154
170 147
171 152
172 152
173 147
174 153
175 147
176 147
177 152
178 148
179 157
180 152
181 151
182 149
183 153
184 151
185 151
186 152
187 147
188 150
189 152
190 150
191 152
192 147
193 151
194 147
195 148
196 149
197 152
198 152
199 144
200 148
201 150
202 151
203 151
204 154
205 149
206 153
207 153
208 161
209 154
210 154
211 154
212 151
213 155
214 150
215 151
216 151
217 149
218 150
219 151
220 146
221 148
222 152
223 152
224 150
225 149
226 153
227 153
228 156
229 153
230 161
231 157
232 157
233 154
234 155
235 152
236 149
237 155
238 160
239 157
240 158
241 154
242 158
243 157
244 152
245 156
246 156
247 157
248 157
249 153
250 155
251 157
252 157
253 156
254 160
255 152
256 153
257 161
258 158
259 158
260 155
261 158
262 156
263 160
264 154
265 159
266 155
267 167
268 160
269 162
270 162
271 157
272 159
273 156
274 161
275 162
276 162
277 168
278 159
279 165
280 162
281 164
282 167
283 163
284 165
285 162
286 160
287 162
288 159
289 163
290 158
291 163
292 164
293 158
294 166
295 167
296 163
297 160
298 160
299 153
300 155
301 156
302 162
303 157
304 153
305 157
306 160
307 158
308 153
309 155
310 155
311 155
312 156
313 156
314 157
315 157
316 154
317 152
318 157
319 157
320 157
321 159
322 157
323 153
324 160
325 154
326 153
327 161
328 154
329 152
330 154
331 155
332 156
333 156
334 155
335 157
336 161
337 158
338 155
339 159
340 155
341 148
342 154
343 155
344 159
345 161
346 161
347 159
348 160
349 158
350 159
351 160
352 159
353 164
354 163
355 163
356 161
357 162
358 159
359 161
360 161
361 164
362 159
363 157
364 163
365 163
366 164
367 157
368 161
369 158
370 157
371 158
372 158
373 156
374 157
375 156
376 154
377 154
378 156
379 155
380 157
381 158
382 155
383 161
384 153
385 160
386 155
387 152
388 156
389 150
390 152
391 153
392 158
393 153
394 146
395 152
396 149
397 145
398 152
399 151
400 147
401 145
402 143
403 146
404 150
405 152
406 149
407 153
408 153
409 152
410 150
411 154
412 156
413 153
414 153
415 153
416 158
417 155
418 159
419 161
420 161
421 155
422 163
423 159
424 155
425 165
426 159
427 160
428 159
429 157
430 164
431 155
432 159
433 163
434 164
435 164
436 161
437 158
438 158
439 160
440 161
441 156
442 148
443 150
444 152
445 158
446 159
447 154
448 160
449 160
450 159
451 158
452 159
453 161
454 159
455 157
456 151
457 156
458 156
459 156
460 155
461 160
462 158
463 158
464 159
465 158
466 158
467 155
468 152
469 154
470 157
471 153
472 155
473 157
474 158
475 155
476 157
477 161
478 158
479 160
480 158
481 157
482 165
483 163
484 166
485 162
486 162
487 158
488 161
489 163
490 162
491 162
492 163
493 162
494 160
495 163
496 163
497 162
498 159
499 163
500 163
501 162
502 159
503 160
504 159
505 157
506 158
507 158
508 162
509 164
510 159
511 159
