0 144 150 155
1 161 141 139
2 129 113 118
3 150 178 137
4 196 93 225
5 107 131 139
6 146 153 0
7 157 208 189
8 214 0 222
9 0 261 0
10 247 0 304
11 0 355 0
12 253 0 404
13 0 0 0
14 295 482 0
15 0 0 0
16 338 0 497
17 0 0 0
18 361 640 0
19 0 0 0
20 0 0 622
21 408 0 0
22 0 0 0
23 432 791 0
24 0 0 745
25 0 0 0
26 475 0 0
27 0 0 0
28 0 842 0
29 479 0 747
30 0 0 0
31 0 0 0
32 441 0 0
33 0 0 0
34 0 855 802
35 427 0 0
36 0 0 0
37 348 0 0
38 0 0 0
39 338 764 767
40 0 0 0
41 290 0 0
42 0 0 0
43 247 740 0
44 243 0 700
45 0 0 0
46 220 0 0
47 232 596 0
48 183 0 677
49 0 0 0
50 192 474 0
51 154 0 0
52 161 0 639
53 180 442 0
54 164 0 0
55 127 0 0
56 163 383 649
57 166 0 0
58 151 384 0
59 164 0 0
60 181 312 645
61 182 0 0
62 150 305 0
63 151 0 0
64 154 300 645
65 154 0 0
66 134 289 0
67 254 283 0
68 110 0 636
69 150 314 0
70 133 0 0
71 148 0 0
72 255 339 638
73 120 0 0
74 116 342 0
75 138 0 0
76 128 351 629
77 273 0 0
78 148 363 0
79 144 0 0
80 145 0 561
81 138 387 0
82 176 0 0
83 140 407 473
84 132 0 0
85 144 0 0
86 157 385 478
87 171 0 0
88 169 383 0
89 176 0 513
90 209 301 0
91 0 0 0
92 179 308 491
93 184 0 0
94 190 316 0
95 191 0 0
96 166 293 497
97 168 0 0
98 164 279 0
99 157 0 516
100 172 267 0
101 153 283 0
102 0 0 493
103 178 276 0
104 157 0 0
105 172 303 474
106 198 0 0
107 171 320 0
108 185 0 485
109 146 266 0
110 187 0 0
111 0 287 480
112 193 0 0
113 202 316 0
114 152 0 473
115 210 327 0
116 175 0 0
117 0 316 490
118 226 0 0
119 169 324 0
120 185 0 482
121 180 335 0
122 172 0 0
123 0 350 0
124 213 0 540
125 229 302 0
126 222 0 0
127 0 346 535
128 253 0 0
129 0 292 0
130 271 0 0
131 255 302 526
132 0 0 0
133 237 336 0
134 0 0 537
135 300 317 0
136 0 0 0
137 276 313 0
138 263 0 554
139 0 0 0
140 270 378 0
141 0 0 505
142 246 413 0
143 297 0 0
144 0 0 502
145 281 461 0
146 0 0 0
147 299 0 495
148 0 486 0
149 333 0 0
150 0 0 479
151 276 0 0
152 0 496 0
153 314 0 480
154 0 0 0
155 280 494 0
156 0 0 0
157 311 0 500
158 0 462 0
159 335 0 0
160 0 450 517
161 348 0 0
162 0 0 0
163 371 466 528
164 0 0 0
165 0 0 0
166 358 463 0
167 0 0 546
168 367 0 0
169 0 405 0
170 347 0 582
171 0 0 0
172 327 431 0
173 0 0 0
174 317 415 547
175 0 0 0
176 280 0 0
177 0 426 564
178 295 0 0
179 0 0 0
180 316 459 0
181 0 0 0
182 306 0 644
183 0 448 0
184 313 0 0
185 0 0 0
186 313 467 645
187 0 0 0
188 364 415 0
189 0 0 543
190 310 0 0
191 0 378 0
192 0 0 512
193 342 327 0
194 0 0 0
195 341 298 411
196 0 0 0
197 303 300 0
198 0 0 396
199 308 282 295
200 277 258 0
201 0 0 295
202 298 275 0
203 0 206 239
204 268 0 224
205 0 270 0
206 259 0 198
207 272 260 171
208 0 241 180
209 283 0 136
210 0 225 161
211 282 237 157
212 0 203 289
213 296 0 139
214 0 216 117
215 284 193 121
216 0 158 230
217 290 135 130
218 280 243 102
219 0 106 258
220 283 208 117
221 0 109 102
222 260 183 240
223 249 95 105
224 0 173 207
225 266 161 119
226 219 159 99
227 0 177 216
228 213 108 117
229 199 199 234
230 169 121 133
231 157 231 110
232 153 109 235
233 127 126 110
234 128 237 209
235 239 104 121
236 93 213 112
237 215 114 216
238 116 114 107
239 197 187 214
240 187 127 116
241 88 200 193
242 192 198 164
243 104 105 134
244 226 111 149
245 107 209 181
246 202 111 146
247 127 242 135
248 201 94 204
249 112 202 149
250 203 154 137
251 162 173 181
252 141 147 166
253 165 173 152
254 149 169 164
255 30 0 0
